X,Y,E
0.0125,nan,0
0.0375,nan,0
0.0625,nan,0
0.0875,nan,0
0.1125,nan,0
0.1375,nan,0
0.1625,nan,0
0.1875,nan,0
0.2125,nan,0
0.2375,nan,0
0.2625,nan,0
0.2875,nan,0
0.3125,nan,0
0.3375,nan,0
0.3625,nan,0
0.3875,nan,0
0.4125,nan,0
0.4375,nan,0
0.4625,nan,0
0.4875,nan,0
0.5125,nan,0
0.5375,nan,0
0.5625,nan,0
0.5875,nan,0
0.6125,nan,0
0.6375,nan,0
0.6625,nan,0
0.6875,nan,0
0.7125,nan,0
0.7375,nan,0
0.7625,nan,0
0.7875,nan,0
0.8125,nan,0
0.8375,nan,0
0.8625,nan,0
0.8875,nan,0
0.9125,nan,0
0.9375,nan,0
0.9625,nan,0
0.9875,nan,0
1.0125,nan,0
1.0375,nan,0
1.0625,nan,0
1.0875,nan,0
1.1125,nan,0
1.1375,nan,0
1.1625,nan,0
1.1875,nan,0
1.2125,nan,0
1.2375,nan,0
1.2625,nan,0
1.2875,nan,0
1.3125,nan,0
1.3375,nan,0
1.3625,nan,0
1.3875,nan,0
1.4125,nan,0
1.4375,nan,0
1.4625,nan,0
1.4875,nan,0
1.5125,nan,0
1.5375,nan,0
1.5625,nan,0
1.5875,nan,0
1.6125,nan,0
1.6375,nan,0
1.6625,nan,0
1.6875,nan,0
1.7125,nan,0
1.7375,nan,0
1.7625,nan,0
1.7875,nan,0
1.8125,nan,0
1.8375,nan,0
1.8625,nan,0
1.8875,nan,0
1.9125,nan,0
1.9375,nan,0
1.9625,nan,0
1.9875,nan,0
2.0125,nan,0
2.0375,nan,0
2.0625,nan,0
2.0875,nan,0
2.1125,nan,0
2.1375,nan,0
2.1625,nan,0
2.1875,0.033976,0.0264423
2.2125,0.0388273,0.00897192
2.2375,0.0379813,0.00811889
2.2625,0.0529885,0.101951
2.2875,0.0474581,0.00648719
2.3125,0.0548326,0.0247871
2.3375,0.0452241,0.00393146
2.3625,0.0414758,0.00789566
2.3875,0.0412164,0.00261949
2.4125,0.0426541,0.00485431
2.4375,0.0439823,0.00219831
2.4625,0.0449714,0.00377263
2.4875,0.043404,0.00194627
2.5125,0.0451701,0.0032743
2.5375,0.0428585,0.00178775
2.5625,0.0445232,0.00265995
2.5875,0.0451343,0.00166486
2.6125,0.0504165,0.00293345
2.6375,0.0463734,0.270371
2.6625,0.0490225,0.00225297
2.6875,0.0482679,0.00154165
2.7125,0.0516784,0.00226022
2.7375,0.0504776,0.00153191
2.7625,0.0519938,0.00205105
2.7875,0.0522787,0.0014837
2.8125,0.0535617,0.00211883
2.8375,0.054642,0.00148811
2.8625,0.0579306,0.00261697
2.8875,0.0562577,0.00153152
2.9125,0.0546054,0.00215876
2.9375,0.0554086,0.00140611
2.9625,0.0600662,0.00389381
2.9875,0.0583188,0.00150136
3.0125,0.057509,0.00578993
3.0375,0.0566584,0.0013975
3.0625,0.0571551,0.0013211
3.0875,0.0581051,0.00141493
3.1125,0.0590486,0.0013154
3.1375,0.0575202,0.00169265
3.1625,0.057405,0.00130213
3.1875,0.0589884,0.00383881
3.2125,0.0589703,0.00135513
3.2375,0.0585835,0.00128826
3.2625,0.0584878,0.00144759
3.2875,0.0588606,0.00129679
3.3125,0.0589647,0.00205881
3.3375,0.058792,0.00130668
3.3625,0.0603226,0.00131294
3.3875,0.0603813,0.00139705
3.4125,0.0605211,0.0013233
3.4375,0.0597744,0.00267557
3.4625,0.060642,0.00136945
3.4875,0.0614617,0.00136524
3.5125,0.0608456,0.00147291
3.5375,0.0615399,0.00137072
3.5625,0.0622732,0.0013888
3.5875,0.0613464,0.00147751
3.6125,0.0619395,0.00141502
3.6375,0.062651,0.00811969
3.6625,0.0631,0.00149384
3.6875,0.06444,0.00148764
3.7125,0.0647603,0.00371245
3.7375,0.0644677,0.00150712
3.7625,0.06391,0.00148042
3.7875,0.0640484,0.00148871
3.8125,0.064737,0.0015039
3.8375,0.0656409,0.00153339
3.8625,0.0660262,0.00154727
3.8875,0.0659979,0.00155895
3.9125,0.0648668,0.00155807
3.9375,0.0671403,0.00159441
3.9625,0.0683168,0.00161511
3.9875,0.069128,0.00163645
4.0125,0.0699649,0.00166523
4.0375,0.0697891,0.0016695
4.0625,0.0697448,0.00167228
4.0875,0.0702236,0.00168953
4.1125,0.0700063,0.00169061
4.1375,0.0708012,0.00170804
4.1625,0.0705222,0.00171638
4.1875,0.0712693,0.00173096
4.2125,0.0718389,0.00175005
4.2375,0.0717142,0.00176004
4.2625,0.0736714,0.00178224
4.2875,0.0727013,0.00177049
4.3125,0.0736256,0.00178951
4.3375,0.0736082,0.00179867
4.3625,0.0723857,0.00178127
4.3875,0.0724934,0.00178228
4.4125,0.0713293,0.00176904
4.4375,0.0746184,0.00181139
4.4625,0.0751599,0.0018202
4.4875,0.0733211,0.00179748
4.5125,0.0751946,0.00182406
4.5375,0.0770796,0.00184623
4.5625,0.0776801,0.00186136
4.5875,0.0776538,0.00187308
4.6125,0.0758487,0.00184996
4.6375,0.0777094,0.00188025
4.6625,0.079798,0.00189888
4.6875,0.0816043,0.00191256
4.7125,0.0799348,0.00194293
4.7375,0.0772348,0.00205057
4.7625,0.0771493,0.00211866
4.7875,0.0794359,0.0020884
4.8125,0.0788361,0.00203468
4.8375,0.0811838,0.00203214
4.8625,0.0833255,0.00203638
4.8875,0.0811117,0.00200786
4.9125,0.0817002,0.00201047
4.9375,0.0833546,0.00202216
4.9625,0.0805984,0.00199356
4.9875,0.0790502,0.00198264
5.0125,0.0809865,0.0019724
5.0375,0.0805065,0.00198318
5.0625,0.0808984,0.00193462
5.0875,0.075859,0.00182213
5.1125,0.0696514,0.00169995
5.1375,0.0697323,0.0017012
5.1625,0.0791015,0.00185191
5.1875,0.0841477,0.00198139
5.2125,0.0863924,0.00201356
5.2375,0.0864034,0.00202865
5.2625,0.0874408,0.00204532
5.2875,0.0889245,0.00206245
5.3125,0.0877311,0.00205481
5.3375,0.0884841,0.00208004
5.3625,0.0860026,0.00203392
5.3875,0.086772,0.00206408
5.4125,0.0898104,0.00209366
5.4375,0.091764,0.00210172
5.4625,0.0929082,0.00210761
5.4875,0.0917121,0.00210126
5.5125,0.0914287,0.00210045
5.5375,0.0919822,0.00210483
5.5625,0.0928235,0.00210503
5.5875,0.093014,0.00210737
5.6125,0.0934881,0.00212138
5.6375,0.097225,0.0022787
5.6625,0.0922518,0.00225513
5.6875,0.0905669,0.00226825
5.7125,0.0894916,0.00231104
5.7375,0.0901546,0.00233337
5.7625,0.0924812,0.00235524
5.7875,0.0888473,0.00228452
5.8125,0.0902575,0.00229106
5.8375,0.0936065,0.00231844
5.8625,0.0912089,0.00226655
5.8875,0.0941198,0.00225424
5.9125,0.0930469,0.00218579
5.9375,0.0927814,0.00216926
5.9625,0.0957109,0.00220493
5.9875,0.0967363,0.00221295
6.0125,0.0973839,0.00222648
6.0375,0.0992019,0.00226224
6.0625,0.0991629,0.00224829
6.0875,0.100433,0.00226778
6.1125,0.097556,0.0022317
6.1375,0.0989181,0.00226261
6.1625,0.101489,0.00230654
6.1875,0.102721,0.00233575
6.2125,0.101663,0.00233266
6.2375,0.102067,0.00236597
6.2625,0.100353,0.0023478
6.2875,0.101423,0.00236216
6.3125,0.104416,0.0024469
6.3375,0.103,0.00247618
6.3625,0.099374,0.00245757
6.3875,0.101586,0.00251519
6.4125,0.101895,0.00273489
6.4375,0.104236,0.00339767
6.4625,0.103322,0.00291437
6.4875,0.103545,0.00306317
6.5125,0.0979834,0.00264588
6.5375,0.0995012,0.00303953
6.5625,0.103982,0.00391154
6.5875,0.0968347,0.00322745
6.6125,0.102852,0.00348656
6.6375,0.103805,0.00357238
6.6625,0.104487,0.00346873
6.6875,0.10256,0.00338509
6.7125,0.102289,0.00352114
6.7375,0.105089,0.00404008
6.7625,0.103207,0.00376161
6.7875,0.10303,0.0036649
6.8125,0.100081,0.00313338
6.8375,0.105731,0.00335204
6.8625,0.106264,0.00341158
6.8875,0.105328,0.0030685
6.9125,0.105836,0.00349465
6.9375,0.1059,0.00349299
6.9625,0.106161,0.00294132
6.9875,0.104166,0.00294102
7.0125,0.104969,0.00282223
7.0375,0.1078,0.00281549
7.0625,0.111433,0.00302122
7.0875,0.110359,0.00302119
7.1125,0.108278,0.00279229
7.1375,0.109564,0.00255163
7.1625,0.108818,0.00246228
7.1875,0.108188,0.00242915
7.2125,0.108399,0.00245528
7.2375,0.105838,0.00243274
7.2625,0.106275,0.00242632
7.2875,0.11019,0.00246941
7.3125,0.109236,0.00239227
7.3375,0.108561,0.0023834
7.3625,0.106956,0.0023493
7.3875,0.107922,0.00233541
7.4125,0.108718,0.00234768
7.4375,0.11155,0.00237445
7.4625,0.110388,0.00233193
7.4875,0.109483,0.00230224
7.5125,0.110988,0.00230543
7.5375,0.111504,0.00230138
7.5625,0.11184,0.00229349
7.5875,0.111727,0.00227442
7.6125,0.11295,0.00228187
7.6375,0.112014,0.00225358
7.6625,0.112198,0.00222519
7.6875,0.113998,0.00224228
7.7125,0.114579,0.00223549
7.7375,0.112721,0.00219255
7.7625,0.1135,0.00219708
7.7875,0.114633,0.00221292
7.8125,0.114846,0.00218789
7.8375,0.115,0.00217902
7.8625,0.114194,0.00215542
7.8875,0.113434,0.00213798
7.9125,0.11242,0.00234042
7.9375,0.11466,0.00214525
7.9625,0.115993,0.00223787
7.9875,0.116722,0.00412953
8.0125,0.117446,0.00226935
8.0375,0.118149,0.00290841
8.0625,0.121254,0.00228778
8.0875,0.119826,0.00252146
8.1125,0.11923,0.0287794
8.1375,0.120368,0.00243562
8.1625,0.121274,0.00498372
8.1875,0.12036,0.00238873
8.2125,0.119032,0.00319618
8.2375,0.121838,0.00240401
8.2625,0.122916,0.00277562
8.2875,0.125223,0.00247234
8.3125,0.125653,0.00276909
8.3375,0.128435,0.00254695
8.3625,0.12492,0.00277786
8.3875,0.122907,0.0488536
8.4125,0.128867,0.00285481
8.4375,0.130828,0.0241653
8.4625,0.133733,0.00301219
8.4875,0.135519,0.0235471
8.5125,0.136198,0.00322351
8.5375,0.132112,0.0206199
8.5625,0.132924,0.00341717
8.5875,0.134735,0.0473477
8.6125,0.133222,0.00358998
8.6375,0.136994,0.00320264
8.6625,0.138741,0.00438581
8.6875,0.134641,0.00325406
8.7125,0.131535,0.00487056
8.7375,0.128987,0.00335658
8.7625,0.130724,0.00616118
8.7875,0.127698,0.0037067
8.8125,0.124066,0.00924164
8.8375,0.124298,0.00405997
8.8625,0.125994,0.0212731
8.8875,0.123906,0.00488936
8.9125,0.124112,0.00402082
8.9375,0.123823,0.0069382
8.9625,0.12205,0.00482643
8.9875,0.125351,0.0139412
9.0125,0.117297,0.00608542
9.0375,0.110739,0.0483392
9.0625,0.112193,0.00793355
9.0875,0.113176,0.00599899
9.1125,0.106473,0.0139384
9.1375,0.109693,0.00881288
9.1625,0.101717,0.0814734
9.1875,0.0975509,0.0141162
9.2125,0.11576,0.0132848
9.2375,0.126175,0.0578266
9.2625,0.131725,0.0372009
9.2875,nan,0
9.3125,nan,0
9.3375,nan,0
9.3625,nan,0
9.3875,nan,0
9.4125,nan,0
9.4375,nan,0
9.4625,nan,0
9.4875,nan,0
9.5125,nan,0
9.5375,nan,0
9.5625,nan,0
9.5875,nan,0
9.6125,nan,0
9.6375,nan,0
9.6625,nan,0
9.6875,nan,0
9.7125,nan,0
9.7375,nan,0
9.7625,nan,0
9.7875,nan,0
9.8125,nan,0
9.8375,nan,0
9.8625,nan,0
9.8875,nan,0
9.9125,nan,0
9.9375,nan,0
9.9625,nan,0
9.9875,nan,0
10.0125,nan,0
10.0375,nan,0
10.0625,nan,0
10.0875,nan,0
10.1125,nan,0
10.1375,nan,0
10.1625,nan,0
10.1875,nan,0
10.2125,nan,0
10.2375,nan,0
10.2625,nan,0
10.2875,nan,0
10.3125,nan,0
10.3375,nan,0
10.3625,nan,0
10.3875,nan,0
10.4125,nan,0
10.4375,nan,0
10.4625,nan,0
10.4875,nan,0
10.5125,nan,0
10.5375,nan,0
10.5625,nan,0
10.5875,nan,0
10.6125,nan,0
10.6375,nan,0
10.6625,nan,0
10.6875,nan,0
10.7125,nan,0
10.7375,nan,0
10.7625,nan,0
10.7875,nan,0
10.8125,nan,0
10.8375,nan,0
10.8625,nan,0
10.8875,nan,0
10.9125,nan,0
10.9375,nan,0
10.9625,nan,0
10.9875,nan,0
11.0125,nan,0
11.0375,nan,0
11.0625,nan,0
11.0875,nan,0
11.1125,nan,0
11.1375,nan,0
11.1625,nan,0
11.1875,nan,0
11.2125,nan,0
11.2375,nan,0
11.2625,nan,0
11.2875,nan,0
11.3125,nan,0
11.3375,nan,0
11.3625,nan,0
11.3875,nan,0
11.4125,nan,0
11.4375,nan,0
11.4625,nan,0
11.4875,nan,0
11.5125,nan,0
11.5375,nan,0
11.5625,nan,0
11.5875,nan,0
11.6125,nan,0
11.6375,nan,0
11.6625,nan,0
11.6875,nan,0
11.7125,nan,0
11.7375,nan,0
11.7625,nan,0
11.7875,nan,0
11.8125,nan,0
11.8375,nan,0
11.8625,nan,0
11.8875,nan,0
11.9125,nan,0
11.9375,nan,0
11.9625,nan,0
11.9875,nan,0
12.0125,nan,0
12.0375,nan,0
12.0625,nan,0
12.0875,nan,0
12.1125,nan,0
12.1375,nan,0
12.1625,nan,0
12.1875,nan,0
12.2125,nan,0
12.2375,nan,0
12.2625,nan,0
12.2875,nan,0
12.3125,nan,0
12.3375,nan,0
12.3625,nan,0
12.3875,nan,0
12.4125,nan,0
12.4375,nan,0
12.4625,nan,0
12.4875,nan,0
12.5125,nan,0
12.5375,nan,0
12.5625,nan,0
12.5875,nan,0
12.6125,nan,0
12.6375,nan,0
12.6625,nan,0
12.6875,nan,0
12.7125,nan,0
12.7375,nan,0
12.7625,nan,0
12.7875,nan,0
12.8125,nan,0
12.8375,nan,0
12.8625,nan,0
12.8875,nan,0
12.9125,nan,0
12.9375,nan,0
12.9625,nan,0
12.9875,nan,0
13.0125,nan,0
13.0375,nan,0
13.0625,nan,0
13.0875,nan,0
13.1125,nan,0
13.1375,nan,0
13.1625,nan,0
13.1875,nan,0
13.2125,nan,0
13.2375,nan,0
13.2625,nan,0
13.2875,nan,0
13.3125,nan,0
13.3375,nan,0
13.3625,nan,0
13.3875,nan,0
13.4125,nan,0
13.4375,nan,0
13.4625,nan,0
13.4875,nan,0
13.5125,nan,0
13.5375,nan,0
13.5625,nan,0
13.5875,nan,0
13.6125,nan,0
13.6375,nan,0
13.6625,nan,0
13.6875,nan,0
13.7125,nan,0
13.7375,nan,0
13.7625,nan,0
13.7875,nan,0
13.8125,nan,0
13.8375,nan,0
13.8625,nan,0
13.8875,nan,0
13.9125,nan,0
13.9375,nan,0
13.9625,nan,0
13.9875,nan,0
14.0125,nan,0
14.0375,nan,0
14.0625,nan,0
14.0875,nan,0
14.1125,nan,0
14.1375,nan,0
14.1625,nan,0
14.1875,nan,0
14.2125,nan,0
14.2375,nan,0
14.2625,nan,0
14.2875,nan,0
14.3125,nan,0
14.3375,nan,0
14.3625,nan,0
14.3875,nan,0
14.4125,nan,0
14.4375,nan,0
14.4625,nan,0
14.4875,nan,0
14.5125,nan,0
14.5375,nan,0
14.5625,nan,0
14.5875,nan,0
14.6125,nan,0
14.6375,nan,0
14.6625,nan,0
14.6875,nan,0
14.7125,nan,0
14.7375,nan,0
14.7625,nan,0
14.7875,nan,0
14.8125,nan,0
14.8375,nan,0
14.8625,nan,0
14.8875,nan,0
14.9125,nan,0
14.9375,nan,0
14.9625,nan,0
14.9875,nan,0
15.0125,nan,0
15.0375,nan,0
15.0625,nan,0
15.0875,nan,0
15.1125,nan,0
15.1375,nan,0
15.1625,nan,0
15.1875,nan,0
15.2125,nan,0
15.2375,nan,0
15.2625,nan,0
15.2875,nan,0
15.3125,nan,0
15.3375,nan,0
15.3625,nan,0
15.3875,nan,0
15.4125,nan,0
15.4375,nan,0
15.4625,nan,0
15.4875,nan,0
15.5125,nan,0
15.5375,nan,0
15.5625,nan,0
15.5875,nan,0
15.6125,nan,0
15.6375,nan,0
15.6625,nan,0
15.6875,nan,0
15.7125,nan,0
15.7375,nan,0
15.7625,nan,0
15.7875,nan,0
15.8125,nan,0
15.8375,nan,0
15.8625,nan,0
15.8875,nan,0
15.9125,nan,0
15.9375,nan,0
15.9625,nan,0
15.9875,nan,0
16.0125,nan,0
16.0375,nan,0
16.0625,nan,0
16.0875,nan,0
16.1125,nan,0
16.1375,nan,0
16.1625,nan,0
16.1875,nan,0
16.2125,nan,0
16.2375,nan,0
16.2625,nan,0
16.2875,nan,0
16.3125,nan,0
16.3375,nan,0
16.3625,nan,0
16.3875,nan,0
16.4125,nan,0
16.4375,nan,0
16.4625,nan,0
16.4875,nan,0
16.5125,nan,0
16.5375,nan,0
16.5625,nan,0
16.5875,nan,0
16.6125,nan,0
16.6375,nan,0
16.6625,nan,0
16.6875,nan,0
16.7125,nan,0
16.7375,nan,0
16.7625,nan,0
16.7875,nan,0
16.8125,nan,0
16.8375,nan,0
16.8625,nan,0
16.8875,nan,0
16.9125,nan,0
16.9375,nan,0
16.9625,nan,0
16.9875,nan,0
17.0125,nan,0
17.0375,nan,0
17.0625,nan,0
17.0875,nan,0
17.1125,nan,0
17.1375,nan,0
17.1625,nan,0
17.1875,nan,0
17.2125,nan,0
17.2375,nan,0
17.2625,nan,0
17.2875,nan,0
17.3125,nan,0
17.3375,nan,0
17.3625,nan,0
17.3875,nan,0
17.4125,nan,0
17.4375,nan,0
17.4625,nan,0
17.4875,nan,0
17.5125,nan,0
17.5375,nan,0
17.5625,nan,0
17.5875,nan,0
17.6125,nan,0
17.6375,nan,0
17.6625,nan,0
17.6875,nan,0
17.7125,nan,0
17.7375,nan,0
17.7625,nan,0
17.7875,nan,0
17.8125,nan,0
17.8375,nan,0
17.8625,nan,0
17.8875,nan,0
17.9125,nan,0
17.9375,nan,0
17.9625,nan,0
17.9875,nan,0
18.0125,nan,0
18.0375,nan,0
18.0625,nan,0
18.0875,nan,0
18.1125,nan,0
18.1375,nan,0
18.1625,nan,0
18.1875,nan,0
18.2125,nan,0
18.2375,nan,0
18.2625,nan,0
18.2875,nan,0
18.3125,nan,0
18.3375,nan,0
18.3625,nan,0
18.3875,nan,0
18.4125,nan,0
18.4375,nan,0
18.4625,nan,0
18.4875,nan,0
18.5125,nan,0
18.5375,nan,0
18.5625,nan,0
18.5875,nan,0
18.6125,nan,0
18.6375,nan,0
18.6625,nan,0
18.6875,nan,0
18.7125,nan,0
18.7375,nan,0
18.7625,nan,0
18.7875,nan,0
18.8125,nan,0
18.8375,nan,0
18.8625,nan,0
18.8875,nan,0
18.9125,nan,0
18.9375,nan,0
18.9625,nan,0
18.9875,nan,0
19.0125,nan,0
19.0375,nan,0
19.0625,nan,0
19.0875,nan,0
19.1125,nan,0
19.1375,nan,0
19.1625,nan,0
19.1875,nan,0
19.2125,nan,0
19.2375,nan,0
19.2625,nan,0
19.2838,nan,0
