X,Y,E
0.015,nan,0
0.045,nan,0
0.075,nan,0
0.105,nan,0
0.135,nan,0
0.165,nan,0
0.195,nan,0
0.225,nan,0
0.255,nan,0
0.285,nan,0
0.315,nan,0
0.345,nan,0
0.375,nan,0
0.405,nan,0
0.435,nan,0
0.465,nan,0
0.495,nan,0
0.525,nan,0
0.555,nan,0
0.585,nan,0
0.615,nan,0
0.645,nan,0
0.675,nan,0
0.705,nan,0
0.735,nan,0
0.765,nan,0
0.795,nan,0
0.825,nan,0
0.855,nan,0
0.885,nan,0
0.915,nan,0
0.945,nan,0
0.975,nan,0
1.005,nan,0
1.035,nan,0
1.065,nan,0
1.095,nan,0
1.125,nan,0
1.155,nan,0
1.185,nan,0
1.215,nan,0
1.245,nan,0
1.275,nan,0
1.305,nan,0
1.335,nan,0
1.365,nan,0
1.395,nan,0
1.425,nan,0
1.455,nan,0
1.485,nan,0
1.515,nan,0
1.545,nan,0
1.575,nan,0
1.605,nan,0
1.635,nan,0
1.665,nan,0
1.695,nan,0
1.725,nan,0
1.755,nan,0
1.785,nan,0
1.815,nan,0
1.845,nan,0
1.875,nan,0
1.905,nan,0
1.935,nan,0
1.965,nan,0
1.995,nan,0
2.025,nan,0
2.055,nan,0
2.085,nan,0
2.115,nan,0
2.145,nan,0
2.175,nan,0
2.205,nan,0
2.235,nan,0
2.265,nan,0
2.295,nan,0
2.325,nan,0
2.355,nan,0
2.385,nan,0
2.415,nan,0
2.445,nan,0
2.475,nan,0
2.505,nan,0
2.535,nan,0
2.565,nan,0
2.595,nan,0
2.625,nan,0
2.655,nan,0
2.685,nan,0
2.715,nan,0
2.745,nan,0
2.775,nan,0
2.805,nan,0
2.835,nan,0
2.865,nan,0
2.895,nan,0
2.925,nan,0
2.955,nan,0
2.985,nan,0
3.015,nan,0
3.045,nan,0
3.075,nan,0
3.105,nan,0
3.135,0.0629996,0.0333351
3.165,0.0536726,0.0146535
3.195,0.0462893,0.0178257
3.225,0.0462377,0.00740528
3.255,0.054227,0.0239188
3.285,0.0490651,0.00646265
3.315,0.0359578,0.0084118
3.345,0.0430427,0.00445982
3.375,0.0453675,0.0034569
3.405,0.0539907,0.00864878
3.435,0.0504981,0.00416155
3.465,0.0519915,0.012377
3.495,0.0530698,0.00408502
3.525,0.0532306,0.107007
3.555,0.0567405,0.00422403
3.585,0.0564442,0.00305719
3.615,0.0557237,0.0067563
3.645,0.0588966,0.00321374
3.675,0.0656418,0.15339
3.705,0.0624804,0.00427429
3.735,0.0650516,0.00301877
3.765,0.0700178,0.00969716
3.795,0.0680274,0.00329217
3.825,0.0687783,0.00280754
3.855,0.0722407,0.00464711
3.885,0.0716673,0.00290304
3.915,0.0795889,0.0450612
3.945,0.0757248,0.00365298
3.975,0.0741415,0.00279083
4.005,0.0851279,0.0131933
4.035,0.0783408,0.00335641
4.065,0.0759242,0.00277259
4.095,0.0902729,0.00966172
4.125,0.0823778,0.00334527
4.155,0.0822915,0.00284384
4.185,0.0937569,0.00769636
4.215,0.0884663,0.0032739
4.245,0.0862477,0.00284909
4.275,0.0956338,0.00670496
4.305,0.0904587,0.00313037
4.335,0.089518,0.00283114
4.365,0.105202,0.00897171
4.395,0.0976759,0.00338678
4.425,0.0939488,0.00291159
4.455,0.111026,0.0131898
4.485,0.105006,0.00351154
4.515,0.102193,0.00302238
4.545,0.104223,0.0030156
4.575,0.105462,0.00302189
4.605,0.103918,0.00305534
4.635,0.104026,0.00312556
4.665,0.105586,0.00323937
4.695,0.103886,0.00326274
4.725,0.104082,0.00330386
4.755,0.105421,0.00338804
4.785,0.106454,0.00345469
4.815,0.106851,0.00349382
4.845,0.10573,0.00351441
4.875,0.105166,0.00356114
4.905,0.105746,0.00361032
4.935,0.105394,0.00363138
4.965,0.103043,0.00362285
4.995,0.101709,0.00364714
5.025,0.10105,0.00366473
5.055,0.100647,0.00370968
5.085,0.101318,0.00377126
5.115,0.10522,0.00388098
5.145,0.108922,0.0039922
5.175,0.109429,0.00402587
5.205,0.108579,0.00402839
5.235,0.10796,0.00403844
5.265,0.105466,0.00400795
5.295,0.10833,0.00406453
5.325,0.110578,0.00410554
5.355,0.113469,0.00416606
5.385,0.110601,0.00410191
5.415,0.11027,0.0041111
5.445,0.113971,0.0041974
5.475,0.113773,0.00419118
5.505,0.114323,0.00421556
5.535,0.119977,0.00434341
5.565,0.116956,0.00429932
5.595,0.114692,0.00424877
5.625,0.112979,0.00421006
5.655,0.111418,0.00418248
5.685,0.120723,0.00438596
5.715,0.121309,0.00440014
5.745,0.117663,0.00437231
5.775,0.11609,0.004509
5.805,0.118832,0.00468731
5.835,0.114945,0.00464667
5.865,0.114641,0.00463334
5.895,0.119071,0.00465869
5.925,0.118989,0.00461506
5.955,0.118852,0.00465285
5.985,0.118078,0.00466664
6.015,0.121739,0.00476048
6.045,0.121711,0.00468573
6.075,0.121327,0.00464652
6.105,0.114878,0.00447139
6.135,0.114456,0.00444965
6.165,0.118447,0.00446587
6.195,0.11603,0.00433636
6.225,0.104226,0.00400129
6.255,0.101637,0.00396173
6.285,0.109898,0.00415818
6.315,0.119214,0.00446662
6.345,0.119619,0.00448105
6.375,0.114255,0.00448117
6.405,0.118532,0.00452296
6.435,0.116947,0.00447842
6.465,0.121761,0.00466281
6.495,0.1266,0.00479881
6.525,0.123836,0.0046616
6.555,0.126985,0.00472056
6.585,0.129587,0.00476111
6.615,0.127792,0.00473237
6.645,0.122005,0.00459086
6.675,0.125373,0.00466386
6.705,0.130066,0.00476263
6.735,0.133704,0.0048081
6.765,0.128605,0.00469935
6.795,0.128128,0.00468286
6.825,0.132559,0.00487051
6.855,0.123343,0.00503869
6.885,0.120025,0.0053115
6.915,0.131859,0.00557982
6.945,0.129545,0.00543655
6.975,0.116483,0.00500667
7.005,0.123267,0.00515611
7.035,0.133254,0.00523027
7.065,0.127516,0.00493486
7.095,0.127726,0.00487595
7.125,0.1288,0.00488173
7.155,0.128478,0.00485897
7.185,0.130617,0.00490108
7.215,0.12433,0.00475095
7.245,0.130508,0.00487794
7.275,0.138385,0.00505921
7.305,0.135577,0.00506888
7.335,0.135416,0.0050602
7.365,0.136396,0.00509196
7.395,0.13894,0.00518211
7.425,0.136998,0.00516433
7.455,0.134538,0.00515709
7.485,0.139493,0.005301
7.515,0.144374,0.00540555
7.545,0.146217,0.00546141
7.575,0.143094,0.00543311
7.605,0.139449,0.00549785
7.635,0.134123,0.00542692
7.665,0.132323,0.00552931
7.695,0.125869,0.00546026
7.725,0.126773,0.00548091
7.755,0.126057,0.00564412
7.785,0.130769,0.00749685
7.815,0.140547,0.00899677
7.845,0.129077,0.00827089
7.875,0.125606,0.0066108
7.905,0.134416,0.00845638
7.935,0.136636,0.00756324
7.965,0.140455,0.00881154
7.995,0.136868,0.00879079
8.025,0.134482,0.00731649
8.055,0.142686,0.00900833
8.085,0.133517,0.00687539
8.115,0.133911,0.00592469
8.145,0.141957,0.00707082
8.175,0.141147,0.00806307
8.205,0.13683,0.00679642
8.235,0.14164,0.00660381
8.265,0.143057,0.00693275
8.295,0.141977,0.00715827
8.325,0.135622,0.00652062
8.355,0.137556,0.00554834
8.385,0.138128,0.0054384
8.415,0.136671,0.00529107
8.445,0.137442,0.00538578
8.475,0.135243,0.00545156
8.505,0.137646,0.00552207
8.535,0.142841,0.00565509
8.565,0.142661,0.00550226
8.595,0.14502,0.00556597
8.625,0.144821,0.00541417
8.655,0.143028,0.00529231
8.685,0.138008,0.0052527
8.715,0.132969,0.00503879
8.745,0.134251,0.00503594
8.775,0.135939,0.00508222
8.805,0.141413,0.005133
8.835,0.148549,0.0052416
8.865,0.142772,0.00510398
8.895,0.13579,0.00492281
8.925,0.135848,0.00482993
8.955,0.138992,0.00487386
8.985,0.142081,0.00497006
9.015,0.139277,0.0049091
9.045,0.138273,0.00486179
9.075,0.136569,0.00478853
9.105,0.137108,0.00480844
9.135,0.141539,0.00483674
9.165,0.143448,0.00479586
9.195,0.142009,0.00472275
9.225,0.143801,0.00477228
9.255,0.145005,0.00480202
9.285,0.142204,0.00458155
9.315,0.139716,0.00445285
9.345,0.137647,0.0043993
9.375,0.139246,0.00439875
9.405,0.141743,0.00441984
9.435,0.142083,0.00440583
9.465,0.138015,0.00430628
9.495,0.137343,0.00428381
9.525,0.139352,0.00431077
9.555,0.144589,0.00441446
9.585,0.144588,0.00444192
9.615,0.140116,0.00444006
9.645,0.139235,0.00461741
9.675,0.13514,0.00547363
9.705,0.129374,0.0443313
9.735,0.128008,0.00459454
9.765,0.128493,0.00634703
9.795,0.131928,0.00458936
9.825,0.137365,0.00523688
9.855,0.140737,0.0123058
9.885,0.133366,0.00480364
9.915,0.135054,0.00625225
9.945,0.138998,0.0770114
9.975,0.132218,0.0053246
10.005,0.135142,0.0102497
10.035,0.132958,0.00518332
10.065,0.130241,0.0066112
10.095,0.1326,0.0873513
10.125,0.132947,0.00573648
10.155,0.134412,0.0133876
10.185,0.1294,0.00570071
10.215,0.133995,0.00910422
10.245,0.130293,0.00594162
10.275,0.130516,0.00824538
10.305,0.124487,0.0532356
10.335,0.117585,0.00693985
10.365,0.115456,0.0202016
10.395,0.116193,0.0069055
10.425,0.120983,0.0147634
10.455,0.112842,0.0069657
10.485,0.104687,0.0111676
10.515,0.10099,0.00714169
10.545,0.102843,0.0113925
10.575,0.103567,0.00814047
10.605,0.104913,0.0131178
10.635,0.0956139,0.160817
10.665,0.090925,0.0115808
10.695,0.100709,0.113535
10.725,0.095231,0.0163196
10.755,0.0906693,0.0876536
10.785,0.108077,0.0252198
10.815,0.107911,0.176893
10.845,0.0648258,0.0323544
10.875,0.0752132,0.271425
10.905,nan,0
10.935,nan,0
10.965,nan,0
10.995,nan,0
11.025,nan,0
11.055,nan,0
11.085,nan,0
11.115,nan,0
11.145,nan,0
11.175,nan,0
11.205,nan,0
11.235,nan,0
11.265,nan,0
11.295,nan,0
11.325,nan,0
11.355,nan,0
11.385,nan,0
11.415,nan,0
11.445,nan,0
11.475,nan,0
11.505,nan,0
11.535,nan,0
11.565,nan,0
11.595,nan,0
11.625,nan,0
11.655,nan,0
11.685,nan,0
11.715,nan,0
11.745,nan,0
11.775,nan,0
11.805,nan,0
11.835,nan,0
11.865,nan,0
11.895,nan,0
11.925,nan,0
11.955,nan,0
11.985,nan,0
12.015,nan,0
12.045,nan,0
12.075,nan,0
12.105,nan,0
12.135,nan,0
12.165,nan,0
12.195,nan,0
12.225,nan,0
12.255,nan,0
12.285,nan,0
12.315,nan,0
12.345,nan,0
12.375,nan,0
12.405,nan,0
12.435,nan,0
12.465,nan,0
12.495,nan,0
12.525,nan,0
12.555,nan,0
12.585,nan,0
12.615,nan,0
12.645,nan,0
12.675,nan,0
12.705,nan,0
12.735,nan,0
12.765,nan,0
12.795,nan,0
12.825,nan,0
12.855,nan,0
12.885,nan,0
12.915,nan,0
12.945,nan,0
12.975,nan,0
13.005,nan,0
13.035,nan,0
13.065,nan,0
13.095,nan,0
13.125,nan,0
13.155,nan,0
13.185,nan,0
13.215,nan,0
13.245,nan,0
13.275,nan,0
13.305,nan,0
13.335,nan,0
13.365,nan,0
13.395,nan,0
13.425,nan,0
13.455,nan,0
13.485,nan,0
13.515,nan,0
13.545,nan,0
13.575,nan,0
13.605,nan,0
13.635,nan,0
13.665,nan,0
13.695,nan,0
13.725,nan,0
13.755,nan,0
13.785,nan,0
13.815,nan,0
13.845,nan,0
13.875,nan,0
13.905,nan,0
13.935,nan,0
13.965,nan,0
13.995,nan,0
14.025,nan,0
14.055,nan,0
14.085,nan,0
14.115,nan,0
14.145,nan,0
14.175,nan,0
14.205,nan,0
14.235,nan,0
14.265,nan,0
14.295,nan,0
14.325,nan,0
14.355,nan,0
14.385,nan,0
14.415,nan,0
14.445,nan,0
14.475,nan,0
14.505,nan,0
14.535,nan,0
14.565,nan,0
14.595,nan,0
14.625,nan,0
14.655,nan,0
14.685,nan,0
14.715,nan,0
14.745,nan,0
14.775,nan,0
14.805,nan,0
14.835,nan,0
14.865,nan,0
14.895,nan,0
14.925,nan,0
14.955,nan,0
14.985,nan,0
15.015,nan,0
15.045,nan,0
15.075,nan,0
15.105,nan,0
15.135,nan,0
15.165,nan,0
15.195,nan,0
15.225,nan,0
15.255,nan,0
15.285,nan,0
15.315,nan,0
15.345,nan,0
15.375,nan,0
15.405,nan,0
15.435,nan,0
15.465,nan,0
15.495,nan,0
15.525,nan,0
15.555,nan,0
15.585,nan,0
15.615,nan,0
15.645,nan,0
15.675,nan,0
15.705,nan,0
15.735,nan,0
15.765,nan,0
15.795,nan,0
15.825,nan,0
15.855,nan,0
15.885,nan,0
15.915,nan,0
15.945,nan,0
15.975,nan,0
16.005,nan,0
16.035,nan,0
16.065,nan,0
16.095,nan,0
16.125,nan,0
16.155,nan,0
16.185,nan,0
16.215,nan,0
16.245,nan,0
16.275,nan,0
16.305,nan,0
16.335,nan,0
16.365,nan,0
16.395,nan,0
16.425,nan,0
16.455,nan,0
16.485,nan,0
16.515,nan,0
16.545,nan,0
16.575,nan,0
16.605,nan,0
16.635,nan,0
16.665,nan,0
16.695,nan,0
16.725,nan,0
16.755,nan,0
16.785,nan,0
16.815,nan,0
16.845,nan,0
16.875,nan,0
16.905,nan,0
16.935,nan,0
16.965,nan,0
16.995,nan,0
17.025,nan,0
17.055,nan,0
17.085,nan,0
17.115,nan,0
17.145,nan,0
17.175,nan,0
17.205,nan,0
17.235,nan,0
17.265,nan,0
17.295,nan,0
17.325,nan,0
17.355,nan,0
17.385,nan,0
17.415,nan,0
17.445,nan,0
17.475,nan,0
17.505,nan,0
17.535,nan,0
17.565,nan,0
17.595,nan,0
17.625,nan,0
17.655,nan,0
17.685,nan,0
17.715,nan,0
17.745,nan,0
17.775,nan,0
17.805,nan,0
17.835,nan,0
17.865,nan,0
17.895,nan,0
17.925,nan,0
17.955,nan,0
17.985,nan,0
18.015,nan,0
18.045,nan,0
18.075,nan,0
18.105,nan,0
18.135,nan,0
18.165,nan,0
18.195,nan,0
18.225,nan,0
18.255,nan,0
18.285,nan,0
18.315,nan,0
18.345,nan,0
18.375,nan,0
18.405,nan,0
18.435,nan,0
18.465,nan,0
18.495,nan,0
18.525,nan,0
18.555,nan,0
18.585,nan,0
18.615,nan,0
18.645,nan,0
18.675,nan,0
18.705,nan,0
18.735,nan,0
18.765,nan,0
18.795,nan,0
18.825,nan,0
18.855,nan,0
18.885,nan,0
18.915,nan,0
18.945,nan,0
18.975,nan,0
19.005,nan,0
19.035,nan,0
19.065,nan,0
19.095,nan,0
19.125,nan,0
19.155,nan,0
19.185,nan,0
19.215,nan,0
19.245,nan,0
19.275,nan,0
19.305,nan,0
19.335,nan,0
19.365,nan,0
19.395,nan,0
19.425,nan,0
19.455,nan,0
19.485,nan,0
19.515,nan,0
19.545,nan,0
19.575,nan,0
19.605,nan,0
19.635,nan,0
19.665,nan,0
19.695,nan,0
19.725,nan,0
19.755,nan,0
19.785,nan,0
19.815,nan,0
19.845,nan,0
19.875,nan,0
19.905,nan,0
19.935,nan,0
19.965,nan,0
19.995,nan,0
20.025,nan,0
20.055,nan,0
20.085,nan,0
20.115,nan,0
20.145,nan,0
20.175,nan,0
20.205,nan,0
20.235,nan,0
20.265,nan,0
20.295,nan,0
20.325,nan,0
20.355,nan,0
20.385,nan,0
20.415,nan,0
20.445,nan,0
20.475,nan,0
20.505,nan,0
20.535,nan,0
20.565,nan,0
20.595,nan,0
20.625,nan,0
20.655,nan,0
20.685,nan,0
20.715,nan,0
20.745,nan,0
20.775,nan,0
20.805,nan,0
20.835,nan,0
20.865,nan,0
20.895,nan,0
20.925,nan,0
20.955,nan,0
20.985,nan,0
21.015,nan,0
21.045,nan,0
21.075,nan,0
21.105,nan,0
21.135,nan,0
21.165,nan,0
21.195,nan,0
21.225,nan,0
21.255,nan,0
21.285,nan,0
21.315,nan,0
21.345,nan,0
21.375,nan,0
21.405,nan,0
21.435,nan,0
21.465,nan,0
21.495,nan,0
21.525,nan,0
21.555,nan,0
21.585,nan,0
21.615,nan,0
21.645,nan,0
21.675,nan,0
21.705,nan,0
21.735,nan,0
21.765,nan,0
21.795,nan,0
21.825,nan,0
21.855,nan,0
21.885,nan,0
21.915,nan,0
21.945,nan,0
21.975,nan,0
22.005,nan,0
22.035,nan,0
22.065,nan,0
22.095,nan,0
22.125,nan,0
22.155,nan,0
22.185,nan,0
22.215,nan,0
22.245,nan,0
22.275,nan,0
22.305,nan,0
22.335,nan,0
22.365,nan,0
22.395,nan,0
22.425,nan,0
22.455,nan,0
22.485,nan,0
22.515,nan,0
22.545,nan,0
22.575,nan,0
22.605,nan,0
22.635,nan,0
22.665,nan,0
22.695,nan,0
22.725,nan,0
22.755,nan,0
22.785,nan,0
22.815,nan,0
22.845,nan,0
22.875,nan,0
22.905,nan,0
22.935,nan,0
22.965,nan,0
22.995,nan,0
23.025,nan,0
23.055,nan,0
23.085,nan,0
23.115,nan,0
23.145,nan,0
23.175,nan,0
23.205,nan,0
23.235,nan,0
23.265,nan,0
23.295,nan,0
23.325,nan,0
23.355,nan,0
23.385,nan,0
23.415,nan,0
23.445,nan,0
23.475,nan,0
23.505,nan,0
23.535,nan,0
23.565,nan,0
23.595,nan,0
23.625,nan,0
23.655,nan,0
23.685,nan,0
23.715,nan,0
23.745,nan,0
23.775,nan,0
23.805,nan,0
23.835,nan,0
23.865,nan,0
23.895,nan,0
23.925,nan,0
23.955,nan,0
23.985,nan,0
24.015,nan,0
24.045,nan,0
24.075,nan,0
24.105,nan,0
24.135,nan,0
24.165,nan,0
24.195,nan,0
24.225,nan,0
24.255,nan,0
24.285,nan,0
24.315,nan,0
24.345,nan,0
24.375,nan,0
24.405,nan,0
24.435,nan,0
24.465,nan,0
24.495,nan,0
24.525,nan,0
24.555,nan,0
24.585,nan,0
24.615,nan,0
24.645,nan,0
24.675,nan,0
24.705,nan,0
24.735,nan,0
24.765,nan,0
24.795,nan,0
24.825,nan,0
24.855,nan,0
24.885,nan,0
24.915,nan,0
24.945,nan,0
24.975,nan,0
25.005,nan,0
25.035,nan,0
25.065,nan,0
25.095,nan,0
25.125,nan,0
25.155,nan,0
25.185,nan,0
25.215,nan,0
25.245,nan,0
25.275,nan,0
25.305,nan,0
25.335,nan,0
25.365,nan,0
25.395,nan,0
25.425,nan,0
25.455,nan,0
25.485,nan,0
25.515,nan,0
25.545,nan,0
25.575,nan,0
25.605,nan,0
25.635,nan,0
25.665,nan,0
25.695,nan,0
25.725,nan,0
25.755,nan,0
25.785,nan,0
25.815,nan,0
25.845,nan,0
25.875,nan,0
25.905,nan,0
25.935,nan,0
25.965,nan,0
25.995,nan,0
26.025,nan,0
26.055,nan,0
26.085,nan,0
26.105,nan,0
