X,Y,E
0.015,nan,0
0.045,nan,0
0.075,nan,0
0.105,nan,0
0.135,nan,0
0.165,nan,0
0.195,nan,0
0.225,nan,0
0.255,nan,0
0.285,nan,0
0.315,nan,0
0.345,nan,0
0.375,nan,0
0.405,nan,0
0.435,nan,0
0.465,nan,0
0.495,nan,0
0.525,nan,0
0.555,nan,0
0.585,nan,0
0.615,nan,0
0.645,nan,0
0.675,nan,0
0.705,nan,0
0.735,nan,0
0.765,nan,0
0.795,nan,0
0.825,nan,0
0.855,nan,0
0.885,nan,0
0.915,nan,0
0.945,nan,0
0.975,nan,0
1.005,nan,0
1.035,nan,0
1.065,nan,0
1.095,nan,0
1.125,nan,0
1.155,nan,0
1.185,nan,0
1.215,nan,0
1.245,nan,0
1.275,nan,0
1.305,nan,0
1.335,nan,0
1.365,nan,0
1.395,nan,0
1.425,nan,0
1.455,nan,0
1.485,nan,0
1.515,nan,0
1.545,nan,0
1.575,0.103783,0.131502
1.605,0.129432,2.90445
1.635,0.13489,0.0414686
1.665,0.107194,0.0533013
1.695,0.107482,0.0154038
1.725,0.114029,0.0239859
1.755,0.106493,0.0648202
1.785,0.108617,0.0103157
1.815,0.0954786,0.0168173
1.845,0.102342,0.00729579
1.875,0.104577,0.0104479
1.905,0.103192,0.0427783
1.935,0.0987166,0.00631612
1.965,0.102213,0.0127934
1.995,0.100956,0.00499318
2.025,0.0988943,0.00424342
2.055,0.0988125,0.00402827
2.085,0.102318,0.00399665
2.115,0.102736,0.0039716
2.145,0.104089,0.00399335
2.175,0.109382,0.00409939
2.205,0.10669,0.00406044
2.235,0.102734,0.00399801
2.265,0.102966,0.00401565
2.295,0.104316,0.00405434
2.325,0.101404,0.00402019
2.355,0.0984415,0.00398359
2.385,0.100733,0.00404783
2.415,0.103257,0.00413111
2.445,0.105301,0.00420197
2.475,0.108253,0.0042832
2.505,0.110186,0.00437341
2.535,0.110793,0.00445851
2.565,0.111084,0.00453067
2.595,0.113894,0.00465598
2.625,0.113139,0.00470029
2.655,0.111942,0.0047253
2.685,0.110732,0.00475584
2.715,0.109446,0.00478113
2.745,0.109771,0.00482333
2.775,0.115104,0.00498002
2.805,0.120179,0.0051214
2.835,0.117395,0.00508782
2.865,0.116321,0.00508429
2.895,0.116812,0.00512215
2.925,0.120312,0.00521323
2.955,0.123077,0.00526933
2.985,0.122334,0.00525216
3.015,0.119649,0.00519837
3.045,0.120764,0.00523594
3.075,0.121092,0.0052351
3.105,0.121865,0.00523043
3.135,0.129226,0.0053956
3.165,0.133631,0.00549292
3.195,0.133634,0.00548413
3.225,0.129859,0.00541016
3.255,0.128693,0.00538228
3.285,0.131069,0.00542091
3.315,0.129684,0.00539107
3.345,0.127884,0.00534242
3.375,0.129764,0.00539449
3.405,0.136243,0.00552369
3.435,0.140871,0.00561227
3.465,0.140345,0.00558757
3.495,0.138861,0.0055724
3.525,0.137568,0.00556201
3.555,0.140331,0.00570435
3.585,0.14559,0.00595306
3.615,0.148265,0.00615821
3.645,0.14889,0.00632387
3.675,0.151709,0.00652456
3.705,0.154084,0.00662722
3.735,0.150796,0.00665103
3.765,0.148165,0.0067226
3.795,0.152053,0.00691338
3.825,0.160891,0.00715513
3.855,0.158641,0.00720582
3.885,0.155742,0.0072291
3.915,0.154969,0.00729908
3.945,0.151649,0.00725198
3.975,0.153049,0.00729805
4.005,0.158923,0.00756569
4.035,0.165989,0.00774339
4.065,0.16893,0.00780783
4.095,0.164701,0.00763762
4.125,0.165727,0.00791744
4.155,0.168408,0.00843355
4.185,0.173126,0.0088642
4.215,0.17358,0.00875918
4.245,0.168638,0.00844081
4.275,0.163351,0.00829753
4.305,0.156142,0.00810243
4.335,0.156691,0.00796738
4.365,0.163022,0.00801223
4.395,0.171462,0.00825356
4.425,0.173039,0.00826125
4.455,0.174555,0.00815734
4.485,0.178363,0.00836471
4.515,0.174825,0.0083803
4.545,0.17707,0.00825502
4.575,0.18144,0.00846696
4.605,0.182737,0.00829502
4.635,0.186125,0.00876279
4.665,0.184112,0.00842566
4.695,0.181075,0.00854175
4.725,0.180245,0.00826118
4.755,0.181637,0.0084686
4.785,0.188005,0.00854102
4.815,0.190802,0.00862323
4.845,0.19305,0.00863405
4.875,0.197248,0.00883165
4.905,0.196603,0.00892043
4.935,0.198248,0.00895123
4.965,0.203364,0.00887302
4.995,0.208011,0.00909129
5.025,0.211379,0.00917614
5.055,0.210756,0.00892746
5.085,0.209054,0.00904349
5.115,0.206436,0.00886714
5.145,0.208321,0.00886756
5.175,0.212249,0.00901726
5.205,0.210982,0.00898233
5.235,0.217258,0.00922518
5.265,0.225417,0.00947336
5.295,0.220998,0.00934634
5.325,0.214856,0.00903285
5.355,0.218568,0.00915821
5.385,0.225455,0.00940416
5.415,0.231043,0.0094048
5.445,0.230035,0.00942069
5.475,0.225571,0.00933439
5.505,0.227314,0.00939193
5.535,0.235165,0.0095442
5.565,0.233681,0.0094652
5.595,0.229565,0.00938478
5.625,0.23512,0.00962965
5.655,0.235153,0.00953915
5.685,0.226384,0.00934886
5.715,0.222612,0.00927163
5.745,0.228087,0.00931465
5.775,0.234405,0.00951134
5.805,0.244353,0.0102399
5.835,0.249662,0.0112553
5.865,0.250537,0.0118209
5.895,0.239417,0.0112585
5.925,0.235118,0.0105764
5.955,0.24326,0.0102898
5.985,0.248494,0.0102442
6.015,0.250707,0.0101362
6.045,0.249687,0.0100648
6.075,0.245891,0.00996012
6.105,0.249095,0.0100009
6.135,0.257581,0.0101756
6.165,0.257669,0.010197
6.195,0.251564,0.0100917
6.225,0.245735,0.00993826
6.255,0.248134,0.00996434
6.285,0.250801,0.0100282
6.315,0.24915,0.00984878
6.345,0.245564,0.00965535
6.375,0.237929,0.00923063
6.405,0.229322,0.00884846
6.435,0.224713,0.00869833
6.465,0.226988,0.00878769
6.495,0.236185,0.00918417
6.525,0.248101,0.00960964
6.555,0.246408,0.00963544
6.585,0.251685,0.00983169
6.615,0.264789,0.0101367
6.645,0.275551,0.0103174
6.675,0.275301,0.0103131
6.705,0.259095,0.00995625
6.735,0.254909,0.0099107
6.765,0.263799,0.0101608
6.795,0.268785,0.0103137
6.825,0.277266,0.0104746
6.855,0.279366,0.0104985
6.885,0.281,0.0105133
6.915,0.27837,0.0104071
6.945,0.270908,0.0102468
6.975,0.276865,0.010318
7.005,0.280039,0.0103845
7.035,0.282124,0.0104272
7.065,0.287132,0.0105225
7.095,0.293373,0.0106579
7.125,0.295492,0.0106872
7.155,0.28454,0.0104903
7.185,0.282429,0.010449
7.215,0.29316,0.0105563
7.245,0.293622,0.0105058
7.275,0.285199,0.0103466
7.305,0.285745,0.0103927
7.335,0.292417,0.0106208
7.365,0.291251,0.0111176
7.395,0.287588,0.0118462
7.425,0.29504,0.0124559
7.455,0.304984,0.0128952
7.485,0.308272,0.0131212
7.515,0.301041,0.0127717
7.545,0.296911,0.0120362
7.575,0.301543,0.0115197
7.605,0.301621,0.0112631
7.635,0.297997,0.0111635
7.665,0.303236,0.0111769
7.695,0.30542,0.0110596
7.725,0.298622,0.0108391
7.755,0.310969,0.0110665
7.785,0.318455,0.011191
7.815,0.309008,0.0109716
7.845,0.303553,0.0108479
7.875,0.305786,0.010891
7.905,0.308001,0.0109605
7.935,0.311439,0.0110621
7.965,0.315376,0.0111196
7.995,0.31626,0.0112304
8.025,0.313039,0.0111966
8.055,0.315818,0.01114
8.085,0.321302,0.0112453
8.115,0.327383,0.0113365
8.145,0.329089,0.0113426
8.175,0.325552,0.0113808
8.205,0.328897,0.0115879
8.235,0.337711,0.011813
8.265,0.333359,0.0117655
8.295,0.326764,0.0117256
8.325,0.330806,0.0118514
8.355,0.335278,0.0118405
8.385,0.332633,0.0117714
8.415,0.339347,0.012074
8.445,0.343282,0.0122528
8.475,0.339065,0.0121574
8.505,0.335273,0.0122264
8.535,0.33731,0.0123475
8.565,0.340298,0.0123824
8.595,0.330953,0.0122526
8.625,0.342987,0.0127076
8.655,0.355336,0.0132064
8.685,0.343922,0.0129886
8.715,0.334464,0.0127526
8.745,0.324843,0.0126506
8.775,0.323527,0.0139396
8.805,0.323868,0.0172179
8.835,0.337041,0.0201834
8.865,0.371145,0.0271854
8.895,0.35336,0.0201568
8.925,0.336759,0.0232207
8.955,0.321928,0.022838
8.985,0.32234,0.0230464
9.015,0.32031,0.0223707
9.045,0.336257,0.0225899
9.075,0.352592,0.0195493
9.105,0.350146,0.0179385
9.135,0.34772,0.0181831
9.165,0.337256,0.0180887
9.195,0.339554,0.0181403
9.225,0.344312,0.0171496
9.255,0.360798,0.0192857
9.285,0.355538,0.0177121
9.315,0.33868,0.0130622
9.345,0.34901,0.0127575
9.375,0.361447,0.0135673
9.405,0.354072,0.0134924
9.435,0.346522,0.013346
9.465,0.353137,0.0135942
9.495,0.347613,0.0136411
9.525,0.349865,0.0136619
9.555,0.353404,0.0132785
9.585,0.353689,0.0133467
9.615,0.354803,0.0132101
9.645,0.343025,0.0123368
9.675,0.346492,0.0120995
9.705,0.357226,0.0122168
9.735,0.352713,0.012077
9.765,0.341546,0.0118698
9.795,0.336411,0.0117651
9.825,0.343941,0.0116156
9.855,0.351134,0.011647
9.885,0.358704,0.0118445
9.915,0.352849,0.011694
9.945,0.347599,0.0114844
9.975,0.350568,0.011437
10.005,0.350333,0.0116753
10.035,0.349474,0.0121233
10.065,0.338236,0.0120971
10.095,0.330508,0.0118307
10.125,0.336844,0.0119096
10.155,0.350302,0.0123241
10.185,0.355142,0.0123874
10.215,0.348452,0.012152
10.245,0.354379,0.0121957
10.275,0.363754,0.0121705
10.305,0.369913,0.0120676
10.335,0.368397,0.0116094
10.365,0.354444,0.0107236
10.395,0.356252,0.0105486
10.425,0.364449,0.0106281
10.455,0.362558,0.0106408
10.485,0.365874,0.0106372
10.515,0.368207,0.0106031
10.545,0.362166,0.0105285
10.575,0.351768,0.0103704
10.605,0.353953,0.0103571
10.635,0.35648,0.0103086
10.665,0.350757,0.0101561
10.695,0.347291,0.0100438
10.725,0.347134,0.010011
10.755,0.344566,0.00991626
10.785,0.347604,0.00993993
10.815,0.346451,0.00986133
10.845,0.341555,0.00968784
10.875,0.341223,0.00964503
10.905,0.338039,0.00964176
10.935,0.338099,0.00965214
10.965,0.343708,0.00977005
10.995,0.349755,0.0098783
11.025,0.359401,0.0100443
11.055,0.35999,0.0101729
11.085,0.359148,0.0102755
11.115,0.352429,0.0101928
11.145,0.355452,0.0102924
11.175,0.365396,0.0104692
11.205,0.359416,0.010249
11.235,0.35228,0.0100666
11.265,0.353844,0.0100555
11.295,0.356122,0.0100373
11.325,0.356897,0.00994671
11.355,0.354853,0.00981097
11.385,0.343137,0.00960194
11.415,0.341771,0.00946567
11.445,0.343284,0.00918648
11.475,0.345735,0.00905328
11.505,0.344097,0.00898355
11.535,0.356885,0.00911318
11.565,0.364586,0.00915152
11.595,0.356098,0.00900341
11.625,0.354435,0.00891359
11.655,0.354681,0.00890216
11.685,0.3518,0.00887306
11.715,0.350628,0.00884081
11.745,0.348591,0.00882991
11.775,0.356149,0.0089717
11.805,0.350797,0.00895388
11.835,0.353522,0.0091378
11.865,0.360085,0.00951918
11.895,0.35555,0.0108503
11.925,0.344742,0.0432872
11.955,0.340449,0.015362
11.985,0.343313,0.0125956
12.015,0.349482,0.0344877
12.045,0.368537,0.0200756
12.075,0.367114,0.0165804
12.105,0.359488,0.0418678
12.135,0.371744,0.0269794
12.165,0.363969,0.0245136
12.195,0.355168,0.073541
12.225,0.337184,0.046634
12.255,0.356652,0.0559811
12.285,0.402366,0.218296
12.315,nan,0
12.345,nan,0
12.375,nan,0
12.405,nan,0
12.435,nan,0
12.465,nan,0
12.495,nan,0
12.525,nan,0
12.555,nan,0
12.585,nan,0
12.615,nan,0
12.645,nan,0
12.675,nan,0
12.705,nan,0
12.735,nan,0
12.765,nan,0
12.795,nan,0
12.825,nan,0
12.855,nan,0
12.885,nan,0
12.915,nan,0
12.945,nan,0
12.975,nan,0
13.005,nan,0
13.035,nan,0
13.065,nan,0
13.095,nan,0
13.125,nan,0
13.155,nan,0
13.185,nan,0
13.215,nan,0
13.245,nan,0
13.275,nan,0
13.305,nan,0
13.335,nan,0
13.365,nan,0
13.395,nan,0
13.425,nan,0
13.455,nan,0
13.485,nan,0
13.515,nan,0
13.545,nan,0
13.575,nan,0
13.605,nan,0
13.635,nan,0
13.665,nan,0
13.695,nan,0
13.725,nan,0
13.755,nan,0
13.785,nan,0
13.815,nan,0
13.845,nan,0
13.875,nan,0
13.905,nan,0
13.935,nan,0
13.965,nan,0
13.995,nan,0
14.025,nan,0
14.055,nan,0
14.085,nan,0
14.115,nan,0
14.145,nan,0
14.175,nan,0
14.205,nan,0
14.235,nan,0
14.265,nan,0
14.295,nan,0
14.325,nan,0
14.355,nan,0
14.385,nan,0
14.415,nan,0
14.445,nan,0
14.475,nan,0
14.505,nan,0
14.535,nan,0
14.565,nan,0
14.595,nan,0
14.625,nan,0
14.655,nan,0
14.685,nan,0
14.715,nan,0
14.745,nan,0
14.775,nan,0
14.805,nan,0
14.835,nan,0
14.865,nan,0
14.895,nan,0
14.925,nan,0
14.955,nan,0
14.985,nan,0
15.015,nan,0
15.045,nan,0
15.075,nan,0
15.105,nan,0
15.135,nan,0
15.165,nan,0
15.195,nan,0
15.225,nan,0
15.255,nan,0
15.285,nan,0
15.315,nan,0
15.345,nan,0
15.375,nan,0
15.405,nan,0
15.435,nan,0
15.465,nan,0
15.495,nan,0
15.525,nan,0
15.555,nan,0
15.585,nan,0
15.615,nan,0
15.645,nan,0
15.675,nan,0
15.705,nan,0
15.735,nan,0
15.765,nan,0
15.795,nan,0
15.825,nan,0
15.855,nan,0
15.885,nan,0
15.915,nan,0
15.945,nan,0
15.975,nan,0
16.005,nan,0
16.035,nan,0
16.065,nan,0
16.095,nan,0
16.125,nan,0
16.155,nan,0
16.185,nan,0
16.215,nan,0
16.245,nan,0
16.275,nan,0
16.305,nan,0
16.335,nan,0
16.365,nan,0
16.395,nan,0
16.425,nan,0
16.455,nan,0
16.485,nan,0
16.515,nan,0
16.545,nan,0
16.575,nan,0
16.605,nan,0
16.635,nan,0
16.665,nan,0
16.695,nan,0
16.725,nan,0
16.755,nan,0
16.785,nan,0
16.815,nan,0
16.845,nan,0
16.875,nan,0
16.905,nan,0
16.935,nan,0
16.965,nan,0
16.995,nan,0
17.025,nan,0
17.055,nan,0
17.085,nan,0
17.115,nan,0
17.145,nan,0
17.175,nan,0
17.205,nan,0
17.235,nan,0
17.265,nan,0
17.295,nan,0
17.325,nan,0
17.355,nan,0
17.385,nan,0
17.415,nan,0
17.445,nan,0
17.475,nan,0
17.505,nan,0
17.535,nan,0
17.565,nan,0
17.595,nan,0
17.625,nan,0
17.655,nan,0
17.685,nan,0
17.715,nan,0
17.745,nan,0
17.775,nan,0
17.805,nan,0
17.835,nan,0
17.865,nan,0
17.895,nan,0
17.925,nan,0
17.955,nan,0
17.985,nan,0
18.015,nan,0
18.045,nan,0
18.075,nan,0
18.105,nan,0
18.135,nan,0
18.165,nan,0
18.195,nan,0
18.225,nan,0
18.255,nan,0
18.285,nan,0
18.315,nan,0
18.345,nan,0
18.375,nan,0
18.405,nan,0
18.435,nan,0
18.465,nan,0
18.495,nan,0
18.525,nan,0
18.555,nan,0
18.585,nan,0
18.615,nan,0
18.645,nan,0
18.675,nan,0
18.705,nan,0
18.735,nan,0
18.765,nan,0
18.795,nan,0
18.825,nan,0
18.855,nan,0
18.885,nan,0
18.915,nan,0
18.945,nan,0
18.975,nan,0
19.005,nan,0
19.035,nan,0
19.065,nan,0
19.095,nan,0
19.125,nan,0
19.155,nan,0
19.185,nan,0
19.215,nan,0
19.245,nan,0
19.275,nan,0
19.305,nan,0
19.335,nan,0
19.365,nan,0
19.395,nan,0
19.425,nan,0
19.455,nan,0
19.485,nan,0
19.515,nan,0
19.545,nan,0
19.575,nan,0
19.605,nan,0
19.635,nan,0
19.665,nan,0
19.695,nan,0
19.725,nan,0
19.755,nan,0
19.785,nan,0
19.815,nan,0
19.845,nan,0
19.875,nan,0
19.905,nan,0
19.935,nan,0
19.965,nan,0
19.995,nan,0
20.025,nan,0
20.055,nan,0
20.085,nan,0
20.115,nan,0
20.145,nan,0
20.175,nan,0
20.205,nan,0
20.235,nan,0
20.265,nan,0
20.295,nan,0
20.325,nan,0
20.355,nan,0
20.385,nan,0
20.415,nan,0
20.445,nan,0
20.475,nan,0
20.505,nan,0
20.535,nan,0
20.565,nan,0
20.595,nan,0
20.625,nan,0
20.655,nan,0
20.685,nan,0
20.715,nan,0
20.745,nan,0
20.775,nan,0
20.805,nan,0
20.835,nan,0
20.865,nan,0
20.895,nan,0
20.925,nan,0
20.955,nan,0
20.985,nan,0
21.015,nan,0
21.045,nan,0
21.075,nan,0
21.105,nan,0
21.135,nan,0
21.165,nan,0
21.195,nan,0
21.225,nan,0
21.255,nan,0
21.285,nan,0
21.315,nan,0
21.345,nan,0
21.375,nan,0
21.405,nan,0
21.435,nan,0
21.465,nan,0
21.495,nan,0
21.525,nan,0
21.555,nan,0
21.585,nan,0
21.615,nan,0
21.645,nan,0
21.675,nan,0
21.705,nan,0
21.735,nan,0
21.765,nan,0
21.795,nan,0
21.825,nan,0
21.855,nan,0
21.885,nan,0
21.915,nan,0
21.945,nan,0
21.975,nan,0
22.005,nan,0
22.035,nan,0
22.065,nan,0
22.095,nan,0
22.125,nan,0
22.155,nan,0
22.185,nan,0
22.215,nan,0
22.245,nan,0
22.275,nan,0
22.305,nan,0
22.335,nan,0
22.365,nan,0
22.395,nan,0
22.425,nan,0
22.455,nan,0
22.485,nan,0
22.515,nan,0
22.545,nan,0
22.575,nan,0
22.605,nan,0
22.635,nan,0
22.665,nan,0
22.695,nan,0
22.725,nan,0
22.755,nan,0
22.785,nan,0
22.815,nan,0
22.845,nan,0
22.875,nan,0
22.905,nan,0
22.935,nan,0
22.965,nan,0
22.995,nan,0
23.025,nan,0
23.055,nan,0
23.085,nan,0
23.115,nan,0
23.145,nan,0
23.175,nan,0
23.205,nan,0
23.235,nan,0
23.265,nan,0
23.295,nan,0
23.325,nan,0
23.355,nan,0
23.385,nan,0
23.415,nan,0
23.445,nan,0
23.475,nan,0
23.505,nan,0
23.535,nan,0
23.565,nan,0
23.595,nan,0
23.625,nan,0
23.655,nan,0
23.685,nan,0
23.715,nan,0
23.745,nan,0
23.775,nan,0
23.805,nan,0
23.835,nan,0
23.865,nan,0
23.895,nan,0
23.925,nan,0
23.955,nan,0
23.985,nan,0
24.015,nan,0
24.045,nan,0
24.075,nan,0
24.105,nan,0
24.135,nan,0
24.165,nan,0
24.195,nan,0
24.225,nan,0
24.255,nan,0
24.285,nan,0
24.315,nan,0
24.345,nan,0
24.375,nan,0
24.405,nan,0
24.435,nan,0
24.465,nan,0
24.495,nan,0
24.525,nan,0
24.555,nan,0
24.585,nan,0
24.615,nan,0
24.645,nan,0
24.675,nan,0
24.705,nan,0
24.735,nan,0
24.765,nan,0
24.795,nan,0
24.825,nan,0
24.855,nan,0
24.885,nan,0
24.915,nan,0
24.945,nan,0
24.975,nan,0
25.005,nan,0
25.035,nan,0
25.065,nan,0
25.095,nan,0
25.125,nan,0
25.155,nan,0
25.185,nan,0
25.215,nan,0
25.245,nan,0
25.275,nan,0
25.305,nan,0
25.335,nan,0
25.365,nan,0
25.395,nan,0
25.425,nan,0
25.455,nan,0
25.485,nan,0
25.515,nan,0
25.545,nan,0
25.575,nan,0
25.605,nan,0
25.635,nan,0
25.665,nan,0
25.695,nan,0
25.725,nan,0
25.755,nan,0
25.785,nan,0
25.815,nan,0
25.845,nan,0
25.875,nan,0
25.905,nan,0
25.935,nan,0
25.965,nan,0
25.995,nan,0
26.025,nan,0
26.055,nan,0
26.085,nan,0
26.105,nan,0
