X,Y,E
0.015,nan,0
0.045,nan,0
0.075,nan,0
0.105,nan,0
0.135,nan,0
0.165,nan,0
0.195,nan,0
0.225,nan,0
0.255,nan,0
0.285,nan,0
0.315,nan,0
0.345,nan,0
0.375,nan,0
0.405,nan,0
0.435,nan,0
0.465,nan,0
0.495,nan,0
0.525,nan,0
0.555,nan,0
0.585,nan,0
0.615,nan,0
0.645,nan,0
0.675,nan,0
0.705,nan,0
0.735,nan,0
0.765,nan,0
0.795,nan,0
0.825,nan,0
0.855,nan,0
0.885,nan,0
0.915,nan,0
0.945,nan,0
0.975,nan,0
1.005,nan,0
1.035,nan,0
1.065,nan,0
1.095,nan,0
1.125,nan,0
1.155,nan,0
1.185,nan,0
1.215,nan,0
1.245,nan,0
1.275,nan,0
1.305,nan,0
1.335,nan,0
1.365,nan,0
1.395,nan,0
1.425,nan,0
1.455,nan,0
1.485,nan,0
1.515,nan,0
1.545,nan,0
1.575,nan,0
1.605,nan,0
1.635,nan,0
1.665,0.0877262,0.150718
1.695,0.0675124,0.0284717
1.725,0.0455661,0.0168169
1.755,0.0400345,0.0499158
1.785,0.0642523,0.0156709
1.815,0.0649226,0.0275445
1.845,0.0603677,0.00886956
1.875,0.0597242,0.0113098
1.905,0.0500206,0.0279252
1.935,0.0534643,0.0053003
1.965,0.0539416,0.00940199
1.995,0.0563744,0.00442617
2.025,0.0561277,0.0069485
2.055,0.0524778,0.0198544
2.085,0.0656138,0.00666404
2.115,0.0616103,0.0119739
2.145,0.0636113,0.00404199
2.175,0.0639101,0.0073339
2.205,0.0655589,0.00340497
2.235,0.0667685,0.00526319
2.265,0.0648219,0.00308182
2.295,0.0673291,0.00449028
2.325,0.0716203,0.0410245
2.355,0.0651582,0.00335066
2.385,0.0621536,0.00914662
2.415,0.0632837,0.00265969
2.445,0.0634063,0.00714422
2.475,0.0626177,0.00266965
2.505,0.061671,0.00555986
2.535,0.0598989,0.0024484
2.565,0.0600276,0.0040966
2.595,0.0602771,0.00233501
2.625,0.0593906,0.00220365
2.655,0.0592455,0.00217826
2.685,0.0608431,0.00223142
2.715,0.0625901,0.00228946
2.745,0.061864,0.0022989
2.775,0.0622517,0.00232503
2.805,0.0626458,0.00235783
2.835,0.0628258,0.00239689
2.865,0.0628547,0.0024328
2.895,0.0624556,0.00244715
2.925,0.0630339,0.00247738
2.955,0.0625702,0.00248525
2.985,0.0634641,0.00251699
3.015,0.0661494,0.00258389
3.045,0.0654857,0.00258982
3.075,0.0665269,0.00262941
3.105,0.0692112,0.00269646
3.135,0.0689317,0.00269695
3.165,0.0697855,0.00271855
3.195,0.0721509,0.00277583
3.225,0.0708591,0.0027554
3.255,0.0705558,0.00275114
3.285,0.0716965,0.00277831
3.315,0.0739388,0.00282328
3.345,0.0739253,0.00282145
3.375,0.0715123,0.00277124
3.405,0.0735853,0.00280917
3.435,0.0749128,0.002833
3.465,0.0761849,0.00285881
3.495,0.0759165,0.00285941
3.525,0.0748249,0.0028366
3.555,0.076206,0.00287682
3.585,0.0795437,0.00295908
3.615,0.0808386,0.00301041
3.645,0.0807021,0.0030582
3.675,0.0813796,0.00313301
3.705,0.0828651,0.00321863
3.735,0.0829466,0.0032749
3.765,0.0822905,0.00333666
3.795,0.0824728,0.0033837
3.825,0.0836938,0.00345404
3.855,0.0862661,0.00358639
3.885,0.0868199,0.00364837
3.915,0.0890705,0.00374405
3.945,0.0901505,0.00380757
3.975,0.0878494,0.00381897
4.005,0.0893472,0.00388403
4.035,0.091231,0.00394259
4.065,0.0910135,0.00394723
4.095,0.0925131,0.0039949
4.125,0.0953162,0.00409423
4.155,0.0966464,0.00421726
4.185,0.0925124,0.00427037
4.215,0.0948082,0.00444112
4.245,0.0967232,0.0045053
4.275,0.0937777,0.00444505
4.305,0.0936687,0.00440476
4.335,0.0947423,0.00439936
4.365,0.0958569,0.00435526
4.395,0.0963203,0.00435487
4.425,0.0995906,0.00440959
4.455,0.100961,0.00441022
4.485,0.0991648,0.00435947
4.515,0.0995512,0.00438962
4.545,0.101652,0.0044174
4.575,0.101485,0.00441701
4.605,0.0990704,0.00432635
4.635,0.0967816,0.0043377
4.665,0.0985301,0.00432433
4.695,0.0995964,0.00438492
4.725,0.0986365,0.00431643
4.755,0.0997101,0.00440301
4.785,0.10568,0.0045284
4.815,0.108848,0.00456444
4.845,0.107118,0.00452652
4.875,0.108001,0.00457349
4.905,0.111639,0.00473503
4.935,0.112686,0.00475322
4.965,0.111849,0.00466328
4.995,0.111457,0.00466304
5.025,0.111736,0.00471397
5.055,0.115173,0.00461134
5.085,0.11623,0.00473475
5.115,0.113232,0.00464895
5.145,0.112032,0.00453938
5.175,0.111853,0.00466006
5.205,0.109675,0.0045629
5.235,0.114385,0.00472335
5.265,0.119653,0.0048831
5.295,0.119809,0.00473703
5.325,0.118386,0.00474863
5.355,0.116815,0.00476902
5.385,0.114753,0.00466732
5.415,0.115578,0.00469917
5.445,0.120953,0.00482147
5.475,0.125127,0.004914
5.505,0.121617,0.00482935
5.535,0.119562,0.00474886
5.565,0.125271,0.00492741
5.595,0.129134,0.0050458
5.625,0.125578,0.00493414
5.655,0.124511,0.00491063
5.685,0.124742,0.0048984
5.715,0.122029,0.004827
5.745,0.120647,0.00493307
5.775,0.119919,0.00528583
5.805,0.122263,0.00565048
5.835,0.12674,0.00579609
5.865,0.128681,0.00570372
5.895,0.129548,0.00545304
5.925,0.130159,0.005242
5.955,0.128181,0.00512138
5.985,0.127274,0.00508511
6.015,0.129816,0.00512391
6.045,0.130109,0.0051196
6.075,0.130945,0.00513829
6.105,0.131256,0.00517475
6.135,0.129983,0.00515151
6.165,0.127628,0.00511296
6.195,0.127199,0.00507919
6.225,0.127177,0.00501896
6.255,0.125581,0.00491898
6.285,0.123226,0.00479118
6.315,0.118448,0.00464021
6.345,0.11472,0.00448686
6.375,0.116822,0.00450294
6.405,0.120917,0.00459849
6.435,0.122509,0.00466253
6.465,0.125072,0.00479415
6.495,0.128049,0.00491043
6.525,0.135229,0.00507654
6.555,0.140553,0.00520315
6.585,0.137517,0.00517516
6.615,0.135947,0.00517656
6.645,0.136643,0.0051901
6.675,0.13645,0.00517756
6.705,0.142684,0.00528501
6.735,0.146913,0.00534057
6.765,0.141194,0.00525065
6.795,0.14385,0.00532422
6.825,0.146038,0.00535588
6.855,0.14642,0.00535064
6.885,0.151491,0.00544739
6.915,0.14993,0.00543332
6.945,0.14411,0.0053265
6.975,0.144973,0.00534984
7.005,0.1456,0.0053371
7.035,0.143369,0.00524884
7.065,0.142866,0.00521944
7.095,0.144822,0.00525807
7.125,0.149168,0.00535929
7.155,0.146582,0.00539191
7.185,0.142255,0.00544416
7.215,0.144048,0.0055402
7.245,0.147259,0.005736
7.275,0.144261,0.00578356
7.305,0.1434,0.00586467
7.335,0.147044,0.00606751
7.365,0.142508,0.00597264
7.395,0.140982,0.00585516
7.425,0.147377,0.0059452
7.455,0.149422,0.00598849
7.485,0.144562,0.00578738
7.515,0.14238,0.00553652
7.545,0.148293,0.00551341
7.575,0.150235,0.00555423
7.605,0.146632,0.00548474
7.635,0.143975,0.00537408
7.665,0.146687,0.00540034
7.695,0.150582,0.00546032
7.725,0.150687,0.00543117
7.755,0.151315,0.00545216
7.785,0.150604,0.00545599
7.815,0.150158,0.00546732
7.845,0.153554,0.00555882
7.875,0.153818,0.00555293
7.905,0.153003,0.00551666
7.935,0.149166,0.00542671
7.965,0.148041,0.00545062
7.995,0.155991,0.00563026
8.025,0.158203,0.00566711
8.055,0.157157,0.00563814
8.085,0.161107,0.00575262
8.115,0.164974,0.00588313
8.145,0.162158,0.00584146
8.175,0.160465,0.00582891
8.205,0.159842,0.00586477
8.235,0.157644,0.0058521
8.265,0.160252,0.00593712
8.295,0.165237,0.00606942
8.325,0.15864,0.0059883
8.355,0.159717,0.00607461
8.385,0.161781,0.00612541
8.415,0.153408,0.00597007
8.445,0.149738,0.00623307
8.475,0.156462,0.0082317
8.505,0.16368,0.00903733
8.535,0.168007,0.0102768
8.565,0.155736,0.00748393
8.595,0.152212,0.0074937
8.625,0.160185,0.0115699
8.655,0.156087,0.0110755
8.685,0.165148,0.0131186
8.715,0.15253,0.00951881
8.745,0.151921,0.0106194
8.775,0.15267,0.00891036
8.805,0.149824,0.00836111
8.835,0.149083,0.00961822
8.865,0.160071,0.0118275
8.895,0.152277,0.00951896
8.925,0.158449,0.0105039
8.955,0.160912,0.0130408
8.985,0.149398,0.00705766
9.015,0.150504,0.00748518
9.045,0.14837,0.00764205
9.075,0.145693,0.00678455
9.105,0.146543,0.00696515
9.135,0.146187,0.0060688
9.165,0.153748,0.00637332
9.195,0.156965,0.00635699
9.225,0.151299,0.00602098
9.255,0.153286,0.00590966
9.285,0.152518,0.00588457
9.315,0.156511,0.00621164
9.345,0.155291,0.00623662
9.375,0.154195,0.00608822
9.405,0.160233,0.00630696
9.435,0.160245,0.00632602
9.465,0.154212,0.00609175
9.495,0.153515,0.00587646
9.525,0.154494,0.00579181
9.555,0.154718,0.00576769
9.585,0.153767,0.00569776
9.615,0.155066,0.00576614
9.645,0.152896,0.00569459
9.675,0.147566,0.00546189
9.705,0.152119,0.00549147
9.735,0.15395,0.00554943
9.765,0.15197,0.00559532
9.795,0.157743,0.00574235
9.825,0.157567,0.00574193
9.855,0.156128,0.0056341
9.885,0.1566,0.00562474
9.915,0.155674,0.00558518
9.945,0.1545,0.00557503
9.975,0.148752,0.0054145
10.005,0.148583,0.00533168
10.035,0.153086,0.00539193
10.065,0.15362,0.00534056
10.095,0.153169,0.00526998
10.125,0.15814,0.00530723
10.155,0.15596,0.00525364
10.185,0.158345,0.00530022
10.215,0.154959,0.00524022
10.245,0.154927,0.00512781
10.275,0.157624,0.00506193
10.305,0.157068,0.00494489
10.335,0.15854,0.00493285
10.365,0.161145,0.00494267
10.395,0.1602,0.00493621
10.425,0.157669,0.00485817
10.455,0.157423,0.00480789
10.485,0.156746,0.00477667
10.515,0.151356,0.00469731
10.545,0.151755,0.00471476
10.575,0.154133,0.00476322
10.605,0.150868,0.00471155
10.635,0.150413,0.00468055
10.665,0.152794,0.00469721
10.695,0.155846,0.00473373
10.725,0.155497,0.00470261
10.755,0.155579,0.0046958
10.785,0.153463,0.00467879
10.815,0.151663,0.00465557
10.845,0.149748,0.0046033
10.875,0.147358,0.00453498
10.905,0.149577,0.004554
10.935,0.151312,0.00457107
10.965,0.154089,0.00461336
10.995,0.155514,0.0046241
11.025,0.154047,0.00457893
11.055,0.150434,0.00450191
11.085,0.15073,0.00451279
11.115,0.151989,0.0045002
11.145,0.148929,0.00442345
11.175,0.150736,0.0044058
11.205,0.147396,0.00431344
11.235,0.146162,0.00430877
11.265,0.145156,0.00429126
11.295,0.142613,0.00428727
11.325,0.146081,0.00447008
11.355,0.14899,0.00541694
11.385,0.15533,0.00477882
11.415,0.159309,0.00721089
11.445,0.157888,0.00503234
11.475,0.153976,0.00974449
11.505,0.15958,0.00579689
11.535,0.164035,0.0395793
11.565,0.171497,0.00820141
11.595,0.163904,0.0059368
11.625,0.155699,0.0123159
11.655,0.152362,0.00676382
11.685,0.158128,0.0436846
11.715,0.155698,0.00878082
11.745,0.153314,0.00692423
11.775,0.152881,0.0157815
11.805,0.162651,0.00917166
11.835,0.165161,0.152081
11.865,0.160537,0.0160316
11.895,0.149627,0.00942222
11.925,0.146749,0.0407436
11.955,0.146674,0.0137189
11.985,0.148664,0.0113426
12.015,0.149114,0.0387762
12.045,0.13603,0.0168311
12.075,0.159487,0.0165899
12.105,0.172221,0.0551937
12.135,0.154982,0.0316838
12.165,0.161793,0.0385053
12.195,0.165543,0.140514
12.225,nan,0
12.255,nan,0
12.285,nan,0
12.315,nan,0
12.345,nan,0
12.375,nan,0
12.405,nan,0
12.435,nan,0
12.465,nan,0
12.495,nan,0
12.525,nan,0
12.555,nan,0
12.585,nan,0
12.615,nan,0
12.645,nan,0
12.675,nan,0
12.705,nan,0
12.735,nan,0
12.765,nan,0
12.795,nan,0
12.825,nan,0
12.855,nan,0
12.885,nan,0
12.915,nan,0
12.945,nan,0
12.975,nan,0
13.005,nan,0
13.035,nan,0
13.065,nan,0
13.095,nan,0
13.125,nan,0
13.155,nan,0
13.185,nan,0
13.215,nan,0
13.245,nan,0
13.275,nan,0
13.305,nan,0
13.335,nan,0
13.365,nan,0
13.395,nan,0
13.425,nan,0
13.455,nan,0
13.485,nan,0
13.515,nan,0
13.545,nan,0
13.575,nan,0
13.605,nan,0
13.635,nan,0
13.665,nan,0
13.695,nan,0
13.725,nan,0
13.755,nan,0
13.785,nan,0
13.815,nan,0
13.845,nan,0
13.875,nan,0
13.905,nan,0
13.935,nan,0
13.965,nan,0
13.995,nan,0
14.025,nan,0
14.055,nan,0
14.085,nan,0
14.115,nan,0
14.145,nan,0
14.175,nan,0
14.205,nan,0
14.235,nan,0
14.265,nan,0
14.295,nan,0
14.325,nan,0
14.355,nan,0
14.385,nan,0
14.415,nan,0
14.445,nan,0
14.475,nan,0
14.505,nan,0
14.535,nan,0
14.565,nan,0
14.595,nan,0
14.625,nan,0
14.655,nan,0
14.685,nan,0
14.715,nan,0
14.745,nan,0
14.775,nan,0
14.805,nan,0
14.835,nan,0
14.865,nan,0
14.895,nan,0
14.925,nan,0
14.955,nan,0
14.985,nan,0
15.015,nan,0
15.045,nan,0
15.075,nan,0
15.105,nan,0
15.135,nan,0
15.165,nan,0
15.195,nan,0
15.225,nan,0
15.255,nan,0
15.285,nan,0
15.315,nan,0
15.345,nan,0
15.375,nan,0
15.405,nan,0
15.435,nan,0
15.465,nan,0
15.495,nan,0
15.525,nan,0
15.555,nan,0
15.585,nan,0
15.615,nan,0
15.645,nan,0
15.675,nan,0
15.705,nan,0
15.735,nan,0
15.765,nan,0
15.795,nan,0
15.825,nan,0
15.855,nan,0
15.885,nan,0
15.915,nan,0
15.945,nan,0
15.975,nan,0
16.005,nan,0
16.035,nan,0
16.065,nan,0
16.095,nan,0
16.125,nan,0
16.155,nan,0
16.185,nan,0
16.215,nan,0
16.245,nan,0
16.275,nan,0
16.305,nan,0
16.335,nan,0
16.365,nan,0
16.395,nan,0
16.425,nan,0
16.455,nan,0
16.485,nan,0
16.515,nan,0
16.545,nan,0
16.575,nan,0
16.605,nan,0
16.635,nan,0
16.665,nan,0
16.695,nan,0
16.725,nan,0
16.755,nan,0
16.785,nan,0
16.815,nan,0
16.845,nan,0
16.875,nan,0
16.905,nan,0
16.935,nan,0
16.965,nan,0
16.995,nan,0
17.025,nan,0
17.055,nan,0
17.085,nan,0
17.115,nan,0
17.145,nan,0
17.175,nan,0
17.205,nan,0
17.235,nan,0
17.265,nan,0
17.295,nan,0
17.325,nan,0
17.355,nan,0
17.385,nan,0
17.415,nan,0
17.445,nan,0
17.475,nan,0
17.505,nan,0
17.535,nan,0
17.565,nan,0
17.595,nan,0
17.625,nan,0
17.655,nan,0
17.685,nan,0
17.715,nan,0
17.745,nan,0
17.775,nan,0
17.805,nan,0
17.835,nan,0
17.865,nan,0
17.895,nan,0
17.925,nan,0
17.955,nan,0
17.985,nan,0
18.015,nan,0
18.045,nan,0
18.075,nan,0
18.105,nan,0
18.135,nan,0
18.165,nan,0
18.195,nan,0
18.225,nan,0
18.255,nan,0
18.285,nan,0
18.315,nan,0
18.345,nan,0
18.375,nan,0
18.405,nan,0
18.435,nan,0
18.465,nan,0
18.495,nan,0
18.525,nan,0
18.555,nan,0
18.585,nan,0
18.615,nan,0
18.645,nan,0
18.675,nan,0
18.705,nan,0
18.735,nan,0
18.765,nan,0
18.795,nan,0
18.825,nan,0
18.855,nan,0
18.885,nan,0
18.915,nan,0
18.945,nan,0
18.975,nan,0
19.005,nan,0
19.035,nan,0
19.065,nan,0
19.095,nan,0
19.125,nan,0
19.155,nan,0
19.185,nan,0
19.215,nan,0
19.245,nan,0
19.275,nan,0
19.305,nan,0
19.335,nan,0
19.365,nan,0
19.395,nan,0
19.425,nan,0
19.455,nan,0
19.485,nan,0
19.515,nan,0
19.545,nan,0
19.575,nan,0
19.605,nan,0
19.635,nan,0
19.665,nan,0
19.695,nan,0
19.725,nan,0
19.755,nan,0
19.785,nan,0
19.815,nan,0
19.845,nan,0
19.875,nan,0
19.905,nan,0
19.935,nan,0
19.965,nan,0
19.995,nan,0
20.025,nan,0
20.055,nan,0
20.085,nan,0
20.115,nan,0
20.145,nan,0
20.175,nan,0
20.205,nan,0
20.235,nan,0
20.265,nan,0
20.295,nan,0
20.325,nan,0
20.355,nan,0
20.385,nan,0
20.415,nan,0
20.445,nan,0
20.475,nan,0
20.505,nan,0
20.535,nan,0
20.565,nan,0
20.595,nan,0
20.625,nan,0
20.655,nan,0
20.685,nan,0
20.715,nan,0
20.745,nan,0
20.775,nan,0
20.805,nan,0
20.835,nan,0
20.865,nan,0
20.895,nan,0
20.925,nan,0
20.955,nan,0
20.985,nan,0
21.015,nan,0
21.045,nan,0
21.075,nan,0
21.105,nan,0
21.135,nan,0
21.165,nan,0
21.195,nan,0
21.225,nan,0
21.255,nan,0
21.285,nan,0
21.315,nan,0
21.345,nan,0
21.375,nan,0
21.405,nan,0
21.435,nan,0
21.465,nan,0
21.495,nan,0
21.525,nan,0
21.555,nan,0
21.585,nan,0
21.615,nan,0
21.645,nan,0
21.675,nan,0
21.705,nan,0
21.735,nan,0
21.765,nan,0
21.795,nan,0
21.825,nan,0
21.855,nan,0
21.885,nan,0
21.915,nan,0
21.945,nan,0
21.975,nan,0
22.005,nan,0
22.035,nan,0
22.065,nan,0
22.095,nan,0
22.125,nan,0
22.155,nan,0
22.185,nan,0
22.215,nan,0
22.245,nan,0
22.275,nan,0
22.305,nan,0
22.335,nan,0
22.365,nan,0
22.395,nan,0
22.425,nan,0
22.455,nan,0
22.485,nan,0
22.515,nan,0
22.545,nan,0
22.575,nan,0
22.605,nan,0
22.635,nan,0
22.665,nan,0
22.695,nan,0
22.725,nan,0
22.755,nan,0
22.785,nan,0
22.815,nan,0
22.845,nan,0
22.875,nan,0
22.905,nan,0
22.935,nan,0
22.965,nan,0
22.995,nan,0
23.025,nan,0
23.055,nan,0
23.085,nan,0
23.115,nan,0
23.145,nan,0
23.175,nan,0
23.205,nan,0
23.235,nan,0
23.265,nan,0
23.295,nan,0
23.325,nan,0
23.355,nan,0
23.385,nan,0
23.415,nan,0
23.445,nan,0
23.475,nan,0
23.505,nan,0
23.535,nan,0
23.565,nan,0
23.595,nan,0
23.625,nan,0
23.655,nan,0
23.685,nan,0
23.715,nan,0
23.745,nan,0
23.775,nan,0
23.805,nan,0
23.835,nan,0
23.865,nan,0
23.895,nan,0
23.925,nan,0
23.955,nan,0
23.985,nan,0
24.015,nan,0
24.045,nan,0
24.075,nan,0
24.105,nan,0
24.135,nan,0
24.165,nan,0
24.195,nan,0
24.225,nan,0
24.255,nan,0
24.285,nan,0
24.315,nan,0
24.345,nan,0
24.375,nan,0
24.405,nan,0
24.435,nan,0
24.465,nan,0
24.495,nan,0
24.525,nan,0
24.555,nan,0
24.585,nan,0
24.615,nan,0
24.645,nan,0
24.675,nan,0
24.705,nan,0
24.735,nan,0
24.765,nan,0
24.795,nan,0
24.825,nan,0
24.855,nan,0
24.885,nan,0
24.915,nan,0
24.945,nan,0
24.975,nan,0
25.005,nan,0
25.035,nan,0
25.065,nan,0
25.095,nan,0
25.125,nan,0
25.155,nan,0
25.185,nan,0
25.215,nan,0
25.245,nan,0
25.275,nan,0
25.305,nan,0
25.335,nan,0
25.365,nan,0
25.395,nan,0
25.425,nan,0
25.455,nan,0
25.485,nan,0
25.515,nan,0
25.545,nan,0
25.575,nan,0
25.605,nan,0
25.635,nan,0
25.665,nan,0
25.695,nan,0
25.725,nan,0
25.755,nan,0
25.785,nan,0
25.815,nan,0
25.845,nan,0
25.875,nan,0
25.905,nan,0
25.935,nan,0
25.965,nan,0
25.995,nan,0
26.025,nan,0
26.055,nan,0
26.085,nan,0
26.105,nan,0
