X,Y,E
0.0125,nan,0
0.0375,nan,0
0.0625,nan,0
0.0875,nan,0
0.1125,nan,0
0.1375,nan,0
0.1625,nan,0
0.1875,nan,0
0.2125,nan,0
0.2375,nan,0
0.2625,nan,0
0.2875,nan,0
0.3125,nan,0
0.3375,nan,0
0.3625,nan,0
0.3875,nan,0
0.4125,nan,0
0.4375,nan,0
0.4625,nan,0
0.4875,nan,0
0.5125,nan,0
0.5375,nan,0
0.5625,nan,0
0.5875,nan,0
0.6125,nan,0
0.6375,nan,0
0.6625,nan,0
0.6875,nan,0
0.7125,nan,0
0.7375,nan,0
0.7625,nan,0
0.7875,nan,0
0.8125,nan,0
0.8375,nan,0
0.8625,nan,0
0.8875,nan,0
0.9125,nan,0
0.9375,nan,0
0.9625,nan,0
0.9875,nan,0
1.0125,nan,0
1.0375,nan,0
1.0625,nan,0
1.0875,0.0722783,0.113911
1.1125,0.0720787,1.17023
1.1375,0.0742318,0.0154954
1.1625,0.0769388,0.0167039
1.1875,0.0738245,0.0243541
1.2125,0.0747781,0.376109
1.2375,0.0775973,0.00636471
1.2625,0.0773815,0.00816945
1.2875,0.0705964,0.0175229
1.3125,0.0713625,0.00381841
1.3375,0.0742578,0.00440379
1.3625,0.0745164,0.00686715
1.3875,0.0787166,0.0430433
1.4125,0.0762516,0.00306083
1.4375,0.0757283,0.0046157
1.4625,0.0757408,0.0131071
1.4875,0.0749584,0.00230607
1.5125,0.0775616,0.00309263
1.5375,0.0760455,0.00766332
1.5625,0.0766008,0.00193422
1.5875,0.0786914,0.00262991
1.6125,0.0792438,0.00164049
1.6375,0.0780099,0.00147854
1.6625,0.0784848,0.00143753
1.6875,0.0804243,0.00143288
1.7125,0.0812334,0.00143163
1.7375,0.0819116,0.00143392
1.7625,0.0837792,0.00144183
1.7875,0.0838751,0.00144561
1.8125,0.0846424,0.0014527
1.8375,0.0850127,0.00145993
1.8625,0.0871528,0.00147267
1.8875,0.0890315,0.00148455
1.9125,0.0897484,0.00149219
1.9375,0.090339,0.00150631
1.9625,0.0902907,0.00152681
1.9875,0.0924357,0.00155723
2.0125,0.094967,0.00158673
2.0375,0.0948762,0.00160339
2.0625,0.0945932,0.00161661
2.0875,0.0949587,0.00163575
2.1125,0.0958385,0.00164814
2.1375,0.0976111,0.00166915
2.1625,0.0983607,0.00168297
2.1875,0.0976157,0.00169357
2.2125,0.0976525,0.00170741
2.2375,0.0988221,0.00171901
2.2625,0.100573,0.00173287
2.2875,0.101738,0.00174585
2.3125,0.102601,0.00175803
2.3375,0.103438,0.00176486
2.3625,0.103936,0.0017655
2.3875,0.105552,0.00177769
2.4125,0.107854,0.00179613
2.4375,0.10952,0.00180448
2.4625,0.110104,0.00180846
2.4875,0.111049,0.00180992
2.5125,0.112319,0.00181604
2.5375,0.113423,0.00181963
2.5625,0.114049,0.00182934
2.5875,0.114382,0.00182699
2.6125,0.114529,0.00182996
2.6375,0.115889,0.0018384
2.6625,0.117705,0.00185212
2.6875,0.118306,0.00185309
2.7125,0.119369,0.00185611
2.7375,0.120951,0.00187514
2.7625,0.120909,0.00187507
2.7875,0.121239,0.00188268
2.8125,0.12351,0.00188785
2.8375,0.124912,0.00190742
2.8625,0.126788,0.00193295
2.8875,0.127313,0.00195712
2.9125,0.128524,0.00200254
2.9375,0.130163,0.0020466
2.9625,0.132384,0.00211327
2.9875,0.13476,0.00216273
3.0125,0.136735,0.00221582
3.0375,0.137604,0.00224521
3.0625,0.139176,0.00229983
3.0875,0.140398,0.00234923
3.1125,0.140898,0.00237108
3.1375,0.143197,0.00242787
3.1625,0.145749,0.00245893
3.1875,0.146624,0.00250102
3.2125,0.146524,0.00252566
3.2375,0.146641,0.00255215
3.2625,0.14871,0.00258137
3.2875,0.150843,0.0026136
3.3125,0.152407,0.00264685
3.3375,0.151246,0.00259966
3.3625,0.150577,0.00263519
3.3875,0.152638,0.00273282
3.4125,0.153723,0.00290724
3.4375,0.154807,0.00298358
3.4625,0.1583,0.00293956
3.4875,0.159542,0.00290852
3.5125,0.160129,0.00287755
3.5375,0.161275,0.00292215
3.5625,0.16406,0.00283007
3.5875,0.166929,0.00290254
3.6125,0.168162,0.00286531
3.6375,0.168964,0.00290661
3.6625,0.169291,0.00284479
3.6875,0.169218,0.00287848
3.7125,0.169078,0.00290607
3.7375,0.171226,0.0028575
3.7625,0.173327,0.00292876
3.7875,0.175775,0.00287564
3.8125,0.180597,0.00301952
3.8375,0.181729,0.00297263
3.8625,0.178899,0.00293651
3.8875,0.176174,0.00293913
3.9125,0.178073,0.00292205
3.9375,0.183434,0.00302294
3.9625,0.18492,0.00295365
3.9875,0.186152,0.00301637
4.0125,0.185326,0.00298921
4.0375,0.185653,0.00304356
4.0625,0.186311,0.00303022
4.0875,0.188013,0.00300012
4.1125,0.191993,0.00306976
4.1375,0.196003,0.003073
4.1625,0.194424,0.00303987
4.1875,0.194064,0.00303119
4.2125,0.194927,0.00304771
4.2375,0.196314,0.00303553
4.2625,0.197915,0.00304896
4.2875,0.199132,0.00305651
4.3125,0.199319,0.00307166
4.3375,0.199654,0.00310569
4.3625,0.202143,0.0030951
4.3875,0.204236,0.00310476
4.4125,0.203454,0.00308742
4.4375,0.202031,0.00309669
4.4625,0.202218,0.00309867
4.4875,0.203049,0.00309997
4.5125,0.204826,0.00311462
4.5375,0.206304,0.00312045
4.5625,0.209594,0.00313116
4.5875,0.211209,0.00313695
4.6125,0.210169,0.00315068
4.6375,0.211069,0.00315764
4.6625,0.212886,0.00318678
4.6875,0.216572,0.0031974
4.7125,0.217294,0.00319203
4.7375,0.217699,0.00318808
4.7625,0.221643,0.00324395
4.7875,0.222788,0.00341434
4.8125,0.219076,0.00356963
4.8375,0.219956,0.00368642
4.8625,0.225242,0.00375233
4.8875,0.227035,0.00371467
4.9125,0.223896,0.00354913
4.9375,0.222637,0.00340647
4.9625,0.224123,0.00337525
4.9875,0.227406,0.00337911
5.0125,0.230809,0.0033816
5.0375,0.230048,0.00337638
5.0625,0.228775,0.00337095
5.0875,0.232214,0.00339633
5.1125,0.23679,0.00342919
5.1375,0.240029,0.00344735
5.1625,0.239606,0.00344289
5.1875,0.238599,0.00343091
5.2125,0.237506,0.00337561
5.2375,0.234523,0.00329887
5.2625,0.228817,0.00320635
5.2875,0.223674,0.00311594
5.3125,0.222555,0.00307222
5.3375,0.221821,0.00305665
5.3625,0.22417,0.00309774
5.3875,0.231732,0.00318837
5.4125,0.242077,0.00329216
5.4375,0.248746,0.00337707
5.4625,0.255844,0.00345035
5.4875,0.262302,0.00350958
5.5125,0.264107,0.00351277
5.5375,0.264932,0.00352737
5.5625,0.266015,0.00355854
5.5875,0.268253,0.00356967
5.6125,0.270907,0.00357952
5.6375,0.272972,0.0035987
5.6625,0.275637,0.00361775
5.6875,0.278356,0.00363466
5.7125,0.280355,0.00364101
5.7375,0.281612,0.00364395
5.7625,0.279035,0.00362358
5.7875,0.279382,0.00363716
5.8125,0.284436,0.00365858
5.8375,0.284734,0.00366221
5.8625,0.286045,0.00367195
5.8875,0.289075,0.00368484
5.9125,0.289637,0.00369409
5.9375,0.289126,0.00368859
5.9625,0.290269,0.00369375
5.9875,0.289842,0.00369631
6.0125,0.287232,0.00369347
6.0375,0.290349,0.00371658
6.0625,0.294276,0.00381814
6.0875,0.296417,0.00400409
6.1125,0.299357,0.00413466
6.1375,0.296479,0.00416065
6.1625,0.29528,0.00418702
6.1875,0.298276,0.00425882
6.2125,0.297865,0.0042906
6.2375,0.298066,0.0043058
6.2625,0.297084,0.00431251
6.2875,0.297424,0.00422242
6.3125,0.302193,0.00404409
6.3375,0.307277,0.00394882
6.3625,0.310748,0.00394628
6.3875,0.309588,0.00390039
6.4125,0.308118,0.00386313
6.4375,0.30856,0.00385808
6.4625,0.309873,0.00385629
6.4875,0.309773,0.00384796
6.5125,0.307887,0.00381438
6.5375,0.309014,0.00382156
6.5625,0.311899,0.00385445
6.5875,0.314024,0.00385788
6.6125,0.314482,0.0038587
6.6375,0.316753,0.00388296
6.6625,0.319768,0.00390811
6.6875,0.318891,0.00391792
6.7125,0.320009,0.00394443
6.7375,0.323045,0.00396105
6.7625,0.323101,0.00397915
6.7875,0.324164,0.00400253
6.8125,0.323794,0.00399969
6.8375,0.325334,0.00402842
6.8625,0.326972,0.00404182
6.8875,0.325266,0.0040324
6.9125,0.322547,0.00404898
6.9375,0.325433,0.00409267
6.9625,0.332426,0.00416584
6.9875,0.330667,0.00416074
7.0125,0.324805,0.00412788
7.0375,0.322238,0.00415042
7.0625,0.325369,0.00418294
7.0875,0.329285,0.0042305
7.1125,0.328402,0.00426754
7.1375,0.329623,0.00433193
7.1625,0.333106,0.00439115
7.1875,0.331804,0.00442309
7.2125,0.332682,0.00449308
7.2375,0.332325,0.00522431
7.2625,0.332468,0.00672831
7.2875,0.330771,0.00628055
7.3125,0.333446,0.00660742
7.3375,0.336826,0.00729499
7.3625,0.339181,0.00748522
7.3875,0.336309,0.00738803
7.4125,0.330235,0.00722849
7.4375,0.331121,0.00737407
7.4625,0.328055,0.0077043
7.4875,0.33245,0.00802314
7.5125,0.330789,0.00795182
7.5375,0.330799,0.00825026
7.5625,0.329776,0.00741751
7.5875,0.335293,0.00573831
7.6125,0.332416,0.00566722
7.6375,0.332062,0.00574997
7.6625,0.342167,0.00589895
7.6875,0.345399,0.00579336
7.7125,0.347901,0.0058055
7.7375,0.34225,0.00567306
7.7625,0.338793,0.00541888
7.7875,0.345464,0.00466397
7.8125,0.345951,0.00446743
7.8375,0.34667,0.00446617
7.8625,0.348449,0.00454052
7.8875,0.347718,0.00458183
7.9125,0.346371,0.00461727
7.9375,0.345209,0.00465184
7.9625,0.346773,0.00462154
7.9875,0.346721,0.00445844
8.0125,0.350968,0.00449741
8.0375,0.356414,0.00449969
8.0625,0.353973,0.00432746
8.0875,0.353732,0.00428181
8.1125,0.357102,0.00429805
8.1375,0.358624,0.00430832
8.1625,0.355754,0.00427438
8.1875,0.354684,0.00423967
8.2125,0.35759,0.00424552
8.2375,0.360793,0.00427661
8.2625,0.362433,0.00435063
8.2875,0.359085,0.00436299
8.3125,0.355101,0.00431763
8.3375,0.355193,0.00432392
8.3625,0.357985,0.00434772
8.3875,0.357598,0.00432643
8.4125,0.355478,0.00430637
8.4375,0.361781,0.00433894
8.4625,0.365921,0.00431985
8.4875,0.36375,0.00429227
8.5125,0.364489,0.00428111
8.5375,0.363668,0.00425696
8.5625,0.363044,0.00424551
8.5875,0.364284,0.00425002
8.6125,0.366443,0.00422279
8.6375,0.37011,0.00412978
8.6625,0.37354,0.00393295
8.6875,0.373592,0.00384609
8.7125,0.373463,0.00382676
8.7375,0.373403,0.00380628
8.7625,0.371175,0.0037843
8.7875,0.371318,0.00375511
8.8125,0.371476,0.00374265
8.8375,0.372042,0.00372058
8.8625,0.36966,0.00369436
8.8875,0.368933,0.00365562
8.9125,0.371595,0.0036393
8.9375,0.368739,0.0036213
8.9625,0.366849,0.00360675
8.9875,0.367619,0.00360808
9.0125,0.370533,0.00361919
9.0375,0.373472,0.00361323
9.0625,0.37406,0.00361515
9.0875,0.372953,0.00360423
9.1125,0.370784,0.00361306
9.1375,0.366358,0.00362974
9.1625,0.370859,0.00365096
9.1875,0.37354,0.00365057
9.2125,0.375328,0.00365209
9.2375,0.378202,0.00366075
9.2625,0.380524,0.00368288
9.2875,0.382694,0.00368952
9.3125,0.387263,0.00370079
9.3375,0.385845,0.0036989
9.3625,0.383045,0.00368425
9.3875,0.388204,0.00369612
9.4125,0.388621,0.00368629
9.4375,0.392171,0.00368431
9.4625,0.395701,0.00367305
9.4875,0.393529,0.00363635
9.5125,0.391075,0.00360531
9.5375,0.391079,0.00358285
9.5625,0.390042,0.00352324
9.5875,0.391094,0.00344828
9.6125,0.392783,0.00341815
9.6375,0.39846,0.00342339
9.6625,0.397888,0.00342282
9.6875,0.39152,0.00340382
9.7125,0.387082,0.00339506
9.7375,0.3888,0.00341086
9.7625,0.391106,0.00345961
9.7875,0.39375,0.00356315
9.8125,0.39578,0.00407739
9.8375,0.395534,0.0338862
9.8625,0.403391,0.00756472
9.8875,0.404768,0.00519372
9.9125,0.409836,0.00466554
9.9375,0.410548,0.0199895
9.9625,0.41658,0.00836943
9.9875,0.421732,0.00640065
10.0125,0.422294,0.00581647
10.0375,0.423903,0.0265987
10.0625,0.420453,0.0114307
10.0875,0.418667,0.00881252
10.1125,0.425389,0.00813464
10.1375,0.429597,0.0533084
10.1625,0.442796,0.0226436
10.1875,0.43242,0.0168077
10.2125,0.432904,0.0159926
10.2375,0.441982,3.16992
10.2625,0.456373,0.0923252
10.2875,0.435448,0.0871061
10.3125,nan,0
10.3375,nan,0
10.3625,nan,0
10.3875,nan,0
10.4125,nan,0
10.4375,nan,0
10.4625,nan,0
10.4875,nan,0
10.5125,nan,0
10.5375,nan,0
10.5625,nan,0
10.5875,nan,0
10.6125,nan,0
10.6375,nan,0
10.6625,nan,0
10.6875,nan,0
10.7125,nan,0
10.7375,nan,0
10.7625,nan,0
10.7875,nan,0
10.8125,nan,0
10.8375,nan,0
10.8625,nan,0
10.8875,nan,0
10.9125,nan,0
10.9375,nan,0
10.9625,nan,0
10.9875,nan,0
11.0125,nan,0
11.0375,nan,0
11.0625,nan,0
11.0875,nan,0
11.1125,nan,0
11.1375,nan,0
11.1625,nan,0
11.1875,nan,0
11.2125,nan,0
11.2375,nan,0
11.2625,nan,0
11.2875,nan,0
11.3125,nan,0
11.3375,nan,0
11.3625,nan,0
11.3875,nan,0
11.4125,nan,0
11.4375,nan,0
11.4625,nan,0
11.4875,nan,0
11.5125,nan,0
11.5375,nan,0
11.5625,nan,0
11.5875,nan,0
11.6125,nan,0
11.6375,nan,0
11.6625,nan,0
11.6875,nan,0
11.7125,nan,0
11.7375,nan,0
11.7625,nan,0
11.7875,nan,0
11.8125,nan,0
11.8375,nan,0
11.8625,nan,0
11.8875,nan,0
11.9125,nan,0
11.9375,nan,0
11.9625,nan,0
11.9875,nan,0
12.0125,nan,0
12.0375,nan,0
12.0625,nan,0
12.0875,nan,0
12.1125,nan,0
12.1375,nan,0
12.1625,nan,0
12.1875,nan,0
12.2125,nan,0
12.2375,nan,0
12.2625,nan,0
12.2875,nan,0
12.3125,nan,0
12.3375,nan,0
12.3625,nan,0
12.3875,nan,0
12.4125,nan,0
12.4375,nan,0
12.4625,nan,0
12.4875,nan,0
12.5125,nan,0
12.5375,nan,0
12.5625,nan,0
12.5875,nan,0
12.6125,nan,0
12.6375,nan,0
12.6625,nan,0
12.6875,nan,0
12.7125,nan,0
12.7375,nan,0
12.7625,nan,0
12.7875,nan,0
12.8125,nan,0
12.8375,nan,0
12.8625,nan,0
12.8875,nan,0
12.9125,nan,0
12.9375,nan,0
12.9625,nan,0
12.9875,nan,0
13.0125,nan,0
13.0375,nan,0
13.0625,nan,0
13.0875,nan,0
13.1125,nan,0
13.1375,nan,0
13.1625,nan,0
13.1875,nan,0
13.2125,nan,0
13.2375,nan,0
13.2625,nan,0
13.2875,nan,0
13.3125,nan,0
13.3375,nan,0
13.3625,nan,0
13.3875,nan,0
13.4125,nan,0
13.4375,nan,0
13.4625,nan,0
13.4875,nan,0
13.5125,nan,0
13.5375,nan,0
13.5625,nan,0
13.5875,nan,0
13.6125,nan,0
13.6375,nan,0
13.6625,nan,0
13.6875,nan,0
13.7125,nan,0
13.7375,nan,0
13.7625,nan,0
13.7875,nan,0
13.8125,nan,0
13.8375,nan,0
13.8625,nan,0
13.8875,nan,0
13.9125,nan,0
13.9375,nan,0
13.9625,nan,0
13.9875,nan,0
14.0125,nan,0
14.0375,nan,0
14.0625,nan,0
14.0875,nan,0
14.1125,nan,0
14.1375,nan,0
14.1625,nan,0
14.1875,nan,0
14.2125,nan,0
14.2375,nan,0
14.2625,nan,0
14.2875,nan,0
14.3125,nan,0
14.3375,nan,0
14.3625,nan,0
14.3875,nan,0
14.4125,nan,0
14.4375,nan,0
14.4625,nan,0
14.4875,nan,0
14.5125,nan,0
14.5375,nan,0
14.5625,nan,0
14.5875,nan,0
14.6125,nan,0
14.6375,nan,0
14.6625,nan,0
14.6875,nan,0
14.7125,nan,0
14.7375,nan,0
14.7625,nan,0
14.7875,nan,0
14.8125,nan,0
14.8375,nan,0
14.8625,nan,0
14.8875,nan,0
14.9125,nan,0
14.9375,nan,0
14.9625,nan,0
14.9875,nan,0
15.0125,nan,0
15.0375,nan,0
15.0625,nan,0
15.0875,nan,0
15.1125,nan,0
15.1375,nan,0
15.1625,nan,0
15.1875,nan,0
15.2125,nan,0
15.2375,nan,0
15.2625,nan,0
15.2875,nan,0
15.3125,nan,0
15.3375,nan,0
15.3625,nan,0
15.3875,nan,0
15.4125,nan,0
15.4375,nan,0
15.4625,nan,0
15.4875,nan,0
15.5125,nan,0
15.5375,nan,0
15.5625,nan,0
15.5875,nan,0
15.6125,nan,0
15.6375,nan,0
15.6625,nan,0
15.6875,nan,0
15.7125,nan,0
15.7375,nan,0
15.7625,nan,0
15.7875,nan,0
15.8125,nan,0
15.8375,nan,0
15.8625,nan,0
15.8875,nan,0
15.9125,nan,0
15.9375,nan,0
15.9625,nan,0
15.9875,nan,0
16.0125,nan,0
16.0375,nan,0
16.0625,nan,0
16.0875,nan,0
16.1125,nan,0
16.1375,nan,0
16.1625,nan,0
16.1875,nan,0
16.2125,nan,0
16.2375,nan,0
16.2625,nan,0
16.2875,nan,0
16.3125,nan,0
16.3375,nan,0
16.3625,nan,0
16.3875,nan,0
16.4125,nan,0
16.4375,nan,0
16.4625,nan,0
16.4875,nan,0
16.5125,nan,0
16.5375,nan,0
16.5625,nan,0
16.5875,nan,0
16.6125,nan,0
16.6375,nan,0
16.6625,nan,0
16.6875,nan,0
16.7125,nan,0
16.7375,nan,0
16.7625,nan,0
16.7875,nan,0
16.8125,nan,0
16.8375,nan,0
16.8625,nan,0
16.8875,nan,0
16.9125,nan,0
16.9375,nan,0
16.9625,nan,0
16.9875,nan,0
17.0125,nan,0
17.0375,nan,0
17.0625,nan,0
17.0875,nan,0
17.1125,nan,0
17.1375,nan,0
17.1625,nan,0
17.1875,nan,0
17.2125,nan,0
17.2375,nan,0
17.2625,nan,0
17.2875,nan,0
17.3125,nan,0
17.3375,nan,0
17.3625,nan,0
17.3875,nan,0
17.4125,nan,0
17.4375,nan,0
17.4625,nan,0
17.4875,nan,0
17.5125,nan,0
17.5375,nan,0
17.5625,nan,0
17.5875,nan,0
17.6125,nan,0
17.6375,nan,0
17.6625,nan,0
17.6875,nan,0
17.7125,nan,0
17.7375,nan,0
17.7625,nan,0
17.7875,nan,0
17.8125,nan,0
17.8375,nan,0
17.8625,nan,0
17.8875,nan,0
17.9125,nan,0
17.9375,nan,0
17.9625,nan,0
17.9875,nan,0
18.0125,nan,0
18.0375,nan,0
18.0625,nan,0
18.0875,nan,0
18.1125,nan,0
18.1375,nan,0
18.1625,nan,0
18.1875,nan,0
18.2125,nan,0
18.2375,nan,0
18.2625,nan,0
18.2875,nan,0
18.3125,nan,0
18.3375,nan,0
18.3625,nan,0
18.3875,nan,0
18.4125,nan,0
18.4375,nan,0
18.4625,nan,0
18.4875,nan,0
18.5125,nan,0
18.5375,nan,0
18.5625,nan,0
18.5875,nan,0
18.6125,nan,0
18.6375,nan,0
18.6625,nan,0
18.6875,nan,0
18.7125,nan,0
18.7375,nan,0
18.7625,nan,0
18.7875,nan,0
18.8125,nan,0
18.8375,nan,0
18.8625,nan,0
18.8875,nan,0
18.9125,nan,0
18.9375,nan,0
18.9625,nan,0
18.9875,nan,0
19.0125,nan,0
19.0375,nan,0
19.0625,nan,0
19.0875,nan,0
19.1125,nan,0
19.1375,nan,0
19.1625,nan,0
19.1875,nan,0
19.2125,nan,0
19.2375,nan,0
19.2625,nan,0
19.2838,nan,0
